-6.022307752464317e-6
-6.022307752508425e-6
-6.022307752542246e-6
-6.022307752530594e-6
-6.0223077525611365e-6
-6.022307752680028e-6
-6.022307752544485e-6
-6.022307752517719e-6
-6.022307752538327e-6
-6.022307752402698e-6
-6.0223077524741336e-6
-6.022307752371189e-6
-6.02230775254315e-6
-6.0223077523683205e-6
-6.0223077524996504e-6
-6.0223077527067635e-6
-6.0223077527359125e-6
-6.0223077526007514e-6
-6.022307752393115e-6
-6.022307752467564e-6
-6.022307752518677e-6
-6.022307752393861e-6
-6.022307752518438e-6
-6.022307752490158e-6
-6.022307752667393e-6
-6.022307752480749e-6
-6.022307752524736e-6
-6.022307752484962e-6
-6.022307752694194e-6
-6.022307752443195e-6
-6.022307752625457e-6
-6.022307752427837e-6
-6.022307752550326e-6
-6.022307752479513e-6
-6.0223077525490104e-6
-6.02230775242691e-6
-6.022307752567124e-6
-6.022307752489742e-6
-6.022307752573862e-6
-6.022307752631824e-6
-6.022307752692572e-6
-6.0223077524359815e-6
-6.0223077524733916e-6
-6.022307752442015e-6
-6.022307752554189e-6
-6.022307752555052e-6
-6.0223077523307444e-6
-6.022307752538933e-6
-6.022307752531462e-6
-6.022307752707917e-6
-6.022307752350666e-6
-6.022307752403054e-6
-6.022307752607291e-6
-6.022307752525526e-6
-6.022307752491463e-6
-6.022307752502653e-6
-6.022307752657677e-6
-6.0223077525982146e-6
-6.022307752588068e-6
-6.022307752564187e-6
-6.022307752619765e-6
-6.022307752397305e-6
-6.022307752722297e-6
-6.022307752469572e-6
-6.022307752474128e-6
-6.022307752588825e-6
-6.022307752425009e-6
-6.022307752666105e-6
-6.022307752525842e-6
-6.022307752580776e-6
-6.022307752451264e-6
-6.022307752551355e-6
-6.022307752599774e-6
-6.022307752504044e-6
-6.02230775259018e-6
-6.022307752420667e-6
-6.022307752655348e-6
-6.0223077524226306e-6
-6.022307752549854e-6
-6.022307752400481e-6
-6.022307752546817e-6
-6.022307752558467e-6
-6.022307752404391e-6
-6.022307752612313e-6
-6.0223077523793014e-6
-6.022307752581624e-6
-6.022307752381173e-6
-6.022307752461585e-6
-6.022307752711178e-6
-6.0223077524568134e-6
-6.022307752497494e-6
-6.022307752543885e-6
-6.02230775248771e-6
-6.0223077525576984e-6
-6.022307752734525e-6
-6.022307752572711e-6
-6.022307752495992e-6
-6.022307752594108e-6
-6.0223077524742504e-6
-6.022307752582029e-6
-6.022307752583513e-6
-6.02230775256995e-6
-6.022307752574713e-6
-6.022307752556732e-6
-6.022307752459376e-6
-6.022307752450576e-6
-6.022307752437255e-6
-6.022307752550693e-6
-6.0223077525196675e-6
-6.022307752457098e-6
-6.022307752448954e-6
-6.022307752644529e-6
-6.022307752281401e-6
-6.022307752161958e-6
-6.022307751778139e-6
-6.022307751040324e-6
-6.022307749477744e-6
-6.022307746747645e-6
-6.02230774105465e-6
-6.0223077309292364e-6
-6.022307712600945e-6
-6.022307679217165e-6
-6.0223076195221295e-6
-6.022307514743525e-6
-6.022307332434656e-6
-6.022307019814913e-6
-6.022306489219913e-6
-6.022305600352132e-6
-6.022304127387563e-6
-6.022301714324953e-6
-6.0222978041477835e-6
-6.022291535697614e-6
-6.022281592042311e-6
-6.022265979682259e-6
-6.022241711420555e-6
-6.022204355726307e-6
-6.0221474042872085e-6
-6.022061387301251e-6
-6.021932655250571e-6
-6.021741712593942e-6
-6.0214609616871055e-6
-6.021051675452004e-6
-6.020459972299196e-6
-6.019611504902391e-6
-6.0184045250670105e-6
-6.016700887236878e-6
-6.0143144849928545e-6
-6.0109965034694615e-6
-6.006416756998528e-6
-6.000140255372238e-6
-5.991598000433855e-6
-5.980050862788438e-6
-5.964545218512765e-6
-5.943858846040516e-6
-5.916435434805956e-6
-5.8803057902864796e-6
-5.832993740267708e-6
-5.771404455153829e-6
-5.691692747938485e-6
-5.589108801427764e-6
-5.457818542061115e-6
-5.2906957639903535e-6
-5.079082988311868e-6
-4.812518009511815e-6
-4.478423224404015e-6
-4.061754080718198e-6
-3.544604370253669e-6
-2.9057649705428405e-6
-2.1202330097184333e-6
-1.1586699127533102e-6
1.319513736260606e-8
1.4352169560316857e-6
3.153544520806582e-6
5.221388510631128e-6
7.699848404543024e-6
0.000010658797705211452
0.000014177828805807278
0.000018347253090043164
0.000023269156903211524
0.00002905850913529089
0.00003584431776937102
0.000043770832759799896
0.00005299878419481558
0.0000637066600527096
0.00007609201024948227
0.00009037276831280721
0.00010678859586257913
0.00012560222238161266
0.00014710079386763002
0.00017159720179589732
0.00019943139730326954
0.0002309716774535885
0.00026661593251520535
0.00030679284156429147
0.0003519630207658232
0.0004026200962652128
0.0004592917135840699
0.0005225404581742523
0.0005929646773032073
0.0006711992278540553
0.0007579160913333884
0.0008538248952919561
0.0009596733154638943
0.0010762473415495695
0.0012043714425082647
0.001344908574277765
0.0014987600845246432
0.0016668654375593848
0.0018502018805150319
0.002049783882594504
0.002266662520988852
0.0025019246810046706
0.002756692151830827
0.0030321205872156872
0.003329398350416325
0.003649745230307657
0.00399441105102244
0.004364674172371915
0.004761839898307953
0.005187238778406035
0.005642224791983865
0.006128173561395681
0.006646480342269148
0.007198558071311028
0.007785835306130492
0.008409754079995252
0.009071767849638755
0.009773339225609329
0.010515937844771336
0.011301038148164392
0.012130117125268762
0.013004652161032066
0.01392611876007085
0.014895988429817727
0.015915726427329316
0.016986789727672143
0.018110624798572693
0.019288665636369492
0.020522331742499535
0.021813026095982915
0.02316213330933055
0.02457101777289878
0.026041021903825068
0.027573464407356883
0.02916963864868589
0.030830811143083704
0.03255822001200025
0.03435307363631633
0.03621654927555851
0.03814979200171642
0.04015391326979247
0.04222999016206582
0.04437906421083632
0.046602140509625724
0.04890018707120451
0.05127413382172523
0.053724872302144074
0.056253254763673335
0.05886009394561828
0.06154616256241433
0.06431219296831853
0.0671588769104912
0.07008686546137242
0.07309676872708101
0.07618915597482599
0.07936455562354432
0.0826234551832077
0.08596630170423426
0.089393501701882
0.09290542164773968
0.09650238808438474
0.10018468824038466
0.1039525702290737
0.10780624361568694
0.11174587997135668
0.11577161331612383
0.11988354079444681
0.12408172329602721
0.12836618595739793
0.13273691907311058
0.13719387863055116
0.1417369871226191
0.14636613432203532
0.15108117795378123
0.1558819445721185
0.1607682303902623
0.16573980200201296
0.1707963972964228
0.17593772628819412
0.1811634719535117
0.18647329106898183
0.19186681510954579
0.19734365102722262
0.20290338225792354
0.20854556945957883
0.21426975135982232
0.22007544578854832
0.22596215024679625
0.23192934302276347
0.23797648389747172
0.24410301491986366
0.2503083613244379
0.2565919325526755
0.2629531223815932
0.2693913105844622
0.2759058629616981
0.2824961328727603
0.289161460680107
0.2959011764124637
0.30271459860944405
0.3096010363485493
0.3165597892334696
0.32359014830730914
0.330691396660439
0.33786281021024855
0.3451036581870698
0.3524132037918371
0.35979070478976033
0.3672354142578467
0.37474658104533415
0.38232344976329496
0.38996526260969605
0.39767125859132846
0.4054406747882954
0.413272746703547
0.421166708172686
0.42912179297581937
0.4371372340290802
0.44521226465621816
0.45334611880973963
0.46153803106447183
0.46978723764037256
0.4780929760870206
0.48645448633048427
0.49487101024728375
0.5033417928947764
0.5118660818044652
0.520443128062028
0.5290721864616265
0.5377525152977705
0.5464833770478003
0.5552640385000716
0.5640937711201209
0.5729718510496853
0.5818975593446267
0.5908701824216821
0.5998890118685212
0.6089533448957624
0.6180624841692313
0.627215738772447
0.6364124229912232
0.6456518579123499
0.6549333706043158
0.6642562942907866
0.6736199691590872
0.6830237412960639
0.6924669641760424
0.7019489973757925
0.7114692076626254
0.7210269686233381
0.730621660695068
0.7402526712376161
0.7499193949426416
0.7596212332458598
0.7693575949095735
0.7791278959076908
0.7889315589812221
0.7987680145553516
0.8086366998740692
0.8185370596648486
0.8284685455426649
0.8384306166856356
0.8484227392079228
0.8584443864323169
0.8684950389863036
0.8785741845081186
0.8886813178550192
0.8988159410702456
0.9089775629922091
0.919165699776421
0.9293798744424607
0.9396196170260538
0.9498844645766512
0.9601739608868071
0.970487656637996
0.9808251093956784
0.9911858833475388
1.0015695494289245
1.0119756852431725
1.0224038749784978
1.032853709320609
1.0433247854722438
1.0538167069346156
1.0643290837254853
1.0748615320789991
1.0854136743661265
1.0959851393560252
1.106575561632175
1.1171845820215434
1.1278118472836374
1.1384570099491618
1.1491197284228798
1.1597996672666204
1.17049649598373
1.1812098904298745
1.1919395314812862
1.2026851062347363
1.21344630579879
1.2242228283534096
1.2350143760339227
1.2458206569787555
1.2566413841282484
1.2674762755269853
1.278325054165526
1.2891874481098062
1.3000631902050563
1.3109520180698315
1.3218536740168092
1.3327679052227503
1.3436944634954076
1.3546331043947943
1.3655835890344865
1.3765456821348019
1.387519153055168
1.3985037755239818
1.409499326789521
1.4205055891717635
1.4315223482564028
1.4425493940100715
1.453586520450691
1.4646335250432043
1.4756902095110478
1.4867563788585598
1.4978318422449308
1.5089164119109053
1.5200099043220685
1.531112138774761
1.542222938372007
1.5533421297942078
1.564469542629369
1.575605009871913
1.586748367719321
1.5978994556890058
1.6090581162854807
1.6202241949887335
1.631397540515489
1.6425780042987281
1.6537654407841602
1.6649597069709807
1.6761606633562123
1.6873681722183045
1.6985820993624279
1.7098023129170459
1.7210286833626205
1.7322610843296635
1.7434993911547885
1.754743482510941
1.7659932387279087
1.7772485429573275
1.7885092806057654
1.7997753392587394
1.8110466086623962
1.8223229811053083
1.8336043506426394
1.8448906136968974
1.8561816688483577
1.8674774162576515
1.8787777586661694
1.8900826003456999
1.901391847817941
1.9127054091323135
1.924023194603981
1.9353451160707174
1.9466710871817243
1.9580010234876963
1.9693348420958972
1.9806724618971283
1.9920138035236166
2.003358788912315
2.0147073418933332
2.02605938769136
2.0374148531073195
2.0487736665298923
2.060135757653975
2.0715010576638244
2.082869499250901
2.0942410163523686
2.105615544318729
2.1169930198576394
2.1283733809766665
2.1397565669239706
2.1511425182477497
2.1625311765977293
2.1739224850045877
2.185316387596287
2.1967128295574785
2.208111757457435
2.2195131186680634
2.2309168618740354
2.2423229367879505
2.2537312940279706