4.643190411481715e-7
4.6431904106902e-7
4.6431904121253495e-7
4.643190411966259e-7
4.643190412723486e-7
4.6431904108744237e-7
4.643190412040289e-7
4.643190412577588e-7
4.643190411381271e-7
4.643190411791602e-7
4.643190411887013e-7
4.643190413651054e-7
4.6431904129637363e-7
4.643190412196536e-7
4.6431904113529253e-7
4.64319041244249e-7
4.6431904117551775e-7
4.643190411992568e-7
4.6431904113955247e-7
4.6431904130072145e-7
4.6431904127836036e-7
4.643190412715263e-7
4.643190412748876e-7
4.64319041315218e-7
4.6431904108274954e-7
4.6431904124654004e-7
4.643190410238734e-7
4.643190412312168e-7
4.6431904114010606e-7
4.643190410472708e-7
4.6431904107833094e-7
4.643190412125106e-7
4.643190413228775e-7
4.6431904123621984e-7
4.643190411955656e-7
4.6431904110794157e-7
4.6431904129645304e-7
4.6431904120641323e-7
4.643190411458875e-7
4.643190411043705e-7
4.64319040983098e-7
4.6431904144397976e-7
4.6431904129509996e-7
4.643190411615994e-7
4.643190412115803e-7
4.6431904105100465e-7
4.6431904126980586e-7
4.6431904121767665e-7
4.6431904114450253e-7
4.6431904109433616e-7
4.643190410657738e-7
4.6431904118888155e-7
4.643190412104668e-7
4.643190412665713e-7
4.6431904129873574e-7
4.6431904129784096e-7
4.643190411872325e-7
4.6431904114002114e-7
4.6431904121384065e-7
4.643190412434513e-7
4.6431904115517155e-7
4.643190410356937e-7
4.6431904101588423e-7
4.643190413538527e-7
4.643190412869354e-7
4.6431904123233863e-7
4.643190412481793e-7
4.6431904119913886e-7
4.6431904114757906e-7
4.643190410056689e-7
4.643190412724407e-7
4.6431904121528754e-7
4.643190409603186e-7
4.64319041186418e-7
4.643190411121671e-7
4.64319041130251e-7
4.6431904122277563e-7
4.643190411598271e-7
4.643190411906629e-7
4.6431904133390174e-7
4.643190410299614e-7
4.643190412453114e-7
4.64319041263913e-7
4.643190412285735e-7
4.6431904127205765e-7
4.643190411559964e-7
4.6431904103208384e-7
4.6431904102795974e-7
4.6431904103546594e-7
4.6431904105832963e-7
4.64319041156307e-7
4.6431904107180625e-7
4.6431904128246276e-7
4.6431904112715196e-7
4.6431904107393563e-7
4.643190410395452e-7
4.6431904128459214e-7
4.643190411387305e-7
4.64319041101976e-7
4.6431904098470685e-7
4.643190410406668e-7
4.643190409928618e-7
4.6431904115465046e-7
4.643190411108902e-7
4.643190410874916e-7
4.643190412525933e-7
4.6431904104614713e-7
4.6431904125424984e-7
4.643190412251224e-7
4.643190410459401e-7
4.643190411830877e-7
4.6431904116683985e-7
4.643190412518755e-7
4.64319041154968e-7
4.643190411015446e-7
4.6431904087142377e-7
4.6431904106882797e-7
4.643190408010208e-7
4.6431904095389455e-7
4.64319041088333e-7
4.643190410349959e-7
4.643190409446628e-7
4.643190411373375e-7
4.643190410303009e-7
4.64319040984608e-7
4.6431904108683674e-7
4.643190411800516e-7
4.6431904098689225e-7
4.6431904115984526e-7
4.643190408663273e-7
4.6431904104159253e-7
4.643190411354631e-7
4.6431904108103885e-7
4.643190409207342e-7
4.6431904091931924e-7
4.643190411032977e-7
4.643190412881399e-7
4.643190413181646e-7
4.643190412539047e-7
4.643190414968638e-7
4.6431904133328055e-7
4.643190412653625e-7
4.643190413082944e-7
4.643190413036009e-7
4.643190410784911e-7
4.6431904138288015e-7
4.643190413090261e-7
4.6431904130170973e-7
4.6431904128859543e-7
4.6431904138218993e-7
4.6431904128534034e-7
4.6431904106129843e-7
4.643190413758338e-7
4.643190412479524e-7
4.643190414074288e-7
4.6431904112918203e-7
4.643190413431344e-7
4.643190412195497e-7
4.6431904122691783e-7
4.643190415221614e-7
4.643190412690215e-7
4.643190409780919e-7
4.643190413574911e-7
4.6431904101515695e-7
4.6431904095629806e-7
4.6431904119168184e-7
4.643190410131553e-7
4.643190413168196e-7
4.6431904118048295e-7
4.643190412776666e-7
4.6431904100352665e-7
4.643190411539438e-7
4.6431904125447504e-7
4.6431904094506465e-7
4.643190409572126e-7
4.6431904113936284e-7
4.6431904107895097e-7
4.643190410301866e-7
4.643190410727907e-7
4.6431904084280697e-7
4.643190408249992e-7
4.643190410167436e-7
4.643190409087925e-7
4.643190412925573e-7
4.643190412492112e-7
4.6431904121428587e-7
4.643190411212436e-7
4.643190411278697e-7
4.6431904136907563e-7
4.6431904108286707e-7
4.643190411811551e-7
4.643190410722791e-7
4.643190412198491e-7
4.643190411559343e-7
4.643190411000261e-7
4.643190409251232e-7
4.6431904121093914e-7
4.643190410763281e-7
4.6431904091593715e-7
4.6431904085923523e-7
4.6431904108524924e-7
4.6431904090385825e-7
4.6431904081825313e-7
4.6431904085528366e-7
4.6431904071359786e-7
4.643190413570079e-7
4.643190409355568e-7
4.6431904124270674e-7
4.6431904120027515e-7
4.6431904105342987e-7
4.643190412084543e-7
4.6431904106198866e-7
4.6431904105232555e-7
4.6431904096314854e-7
4.643190408745237e-7
4.643190409275329e-7
4.6431904099462275e-7
4.6431904075138766e-7
4.643190409612159e-7
4.64319040644955e-7
4.6431904090613597e-7
4.643190407112166e-7
4.643190408644464e-7
4.643190411045755e-7
4.643190409268427e-7
4.643190410764834e-7
4.6431904085423106e-7
4.643190409682562e-7
4.6431904093692e-7
4.64319040654204e-7
4.643190408545762e-7
4.6431904081813237e-7
4.64319040998419e-7
4.643190409975907e-7
4.6431904093553956e-7
4.643190408195818e-7
4.6431904077333677e-7
4.64319040743312e-7
4.6431904061955476e-7
4.6431904069299464e-7
4.6431904084097876e-7
4.643190409238057e-7
4.6431904090171854e-7
4.64319040558815e-7
4.6431904062176345e-7
4.643190407697476e-7
4.643190407824477e-7
4.64319041311988e-7
4.6431904158642127e-7
4.6431904208400416e-7
4.6431904352077554e-7
4.643190458076965e-7
4.6431905088623063e-7
4.643190609894614e-7
4.643190786248364e-7
4.643191111222643e-7
4.6431917075690533e-7
4.6431927658924116e-7
4.643194639127303e-7
4.6431979029651674e-7
4.64320351366241e-7
4.643213048761039e-7
4.643229064648444e-7
4.643255658866076e-7
4.6432992970957674e-7
4.6433701364878987e-7
4.643483876151323e-7
4.643664570250445e-7
4.6439486743872317e-7
4.644390851841135e-7
4.645072273460169e-7
4.6461122463928205e-7
4.64768448495263e-7
4.650039492033813e-7
4.653535208695889e-7
4.658678484819817e-7
4.6661806670978344e-7
4.677031578183165e-7
4.692596866834796e-7
4.7147452477617835e-7
4.746013198339614e-7
4.789816493004456e-7
4.850719619374179e-7
4.934776165605714e-7
5.049955558950617e-7
5.206673884363107e-7
5.418449204255945e-7
5.702704667642923e-7
6.081745441352943e-7
6.583938807907712e-7
7.245129534547669e-7
8.110325830811636e-7
9.235694113630647e-7
1.0690903319742366e-6
1.25618622235857e-6
1.495389489267099e-6
1.799540138254049e-6
2.184205117160047e-6
2.6681557819482705e-6
3.273908209405431e-6
4.028330981432129e-6
4.96332486128666e-6
6.116578433547124e-6
7.532403152111237e-6
9.262651313657775e-6
0.000011367718819715874
0.00001391763513435267
0.00001699324018843866
0.00002068745016649555
0.000025106608192647787
0.000030371920868186458
0.00003662097480965643
0.00004400933027661885
0.000052712185511378014
0.00006292610530839197
0.00007487080521392618
0.0000887909826214467
0.00010495818419981436
0.00012367269878214203
0.00014526546251845816
0.00017009996186134366
0.00019857412809743912
0.0002311221952690534
0.00026821652113955
0.0003103693468917257
0.00035813447991675176
0.0004121088974506797
0.0004729342323549224
0.0005412981530404118
0.000617935605085447
0.0007036299039043295
0.0007992136793060402
0.0009055696371469053
0.0010236311564050973
0.0011543826791619867
0.0012988599270175405
0.001458149885353289
0.0016333906078748906
0.0018257707966626239
0.0020365291589978796
0.002266953569432062
0.0025183800084987496
0.0027921912981921657
0.0030898156214559432
0.0034127248475970093
0.0037624326736413953
0.004140492557748849
0.004548495500473299
0.004988067635191366
0.005460867718517653
0.005968584372069547
0.006512933337247389
0.007095654491136158
0.007718508808046152
0.008383275281623371
0.009091747647733146
0.009845731228842912
0.010647039533064648
0.011497491004663471
0.012398905649116894
0.013353101687200648
0.014361892227134774
0.015427082003300395
0.016550464049831622
0.01773381655184888
0.018978899689523033
0.020287452508227232
0.021661190051820916
0.023101800359235727
0.024610941770192026
0.026190240163791633
0.02784128650749105
0.029565634329520186
0.031364797461202805
0.03324024789262867
0.035193413695228916
0.03722567717728636
0.039338373142575725
0.04153278721594745
0.04381015450653932
0.046171658213760264
0.048618428507222006
0.05115154152180872
0.053772018428669875
0.05648082474765881
0.05927886976605773
0.06216700602228654
0.06514602902396745
0.06821667704141013
0.07137963102277418
0.07463551462605889
0.07798489439912049
0.08142827999417948
0.0849661246285262
0.088598825477571
0.09232672422947967
0.09615010785272753
0.10006920914737394
0.10408420773608894
0.10819523086351542
0.11240235431052255
0.11670560347358423
0.12110495458453532
0.12560033536353557
0.13019162679787885
0.13487866382679137
0.1396612371376606
0.14453909349813354
0.14951193846333288
0.15457943633466648
0.1597412124766393
0.16499685416056817
0.17034591211325578
0.17578790185841459
0.18132230520579956
0.18694857152887576
0.1926661191831255
0.1984743368829581
0.20437258520594662
0.21036019787511406
0.2164364826598071
0.22260072374408924
0.22885218200987983
0.2351900969496752
0.24161368784047446
0.24812215454171924
0.25471467968298245
0.26139042884857805
0.2681485524636199
0.27498818680172704
0.2819084547807004
0.2889084676088523
0.29598732528655547
0.30314411824429527
0.3103779277098107
0.3176878274733384
0.3250728839718043
0.33253215789046764
0.34006470495170876
0.3476695763637939
0.3553458200257819
0.3630924812311839
0.37090860356108113
0.3787932294335876
0.38674540084336073
0.3947641602694138
0.4028485509964061
0.41099761798898915
0.4192104081924425
0.4274859718331408
0.4358233617359289
0.4442216351651303
0.45267985346284434
0.46119708256489317
0.4697723940832739
0.47840486466044213
0.48709357764355177
0.495837622200516
0.5046360946001841
0.5134880981366835
0.5223927434078776
0.531349148618184
0.5403564401824187
0.5494137523888344
0.5585202281385165
0.5676750190241414
0.5768772850858931
0.5861261958328371
0.595420929581797
0.6047606742220395
0.6141446267837564
0.6235719941957877
0.6330419928042916
0.6425538487317388
0.6521067980616103
0.6617000866446583
0.6713329703738574
0.6810047152229932
0.690714596936256
0.700461901581977
0.7102459251693354
0.7200659738365909
0.7299213638862674
0.7398114215570155
0.7497354831896246
0.7596928952438894
0.7696830140631608
0.7797052060070115
0.789758847382402
0.7998433243673051
0.8099580329262024
0.8201023788256468
0.8302757774151466
0.8404776538294091
0.8507074426840279
0.8609645879824463
0.8712485433519119
0.8815587714552889
0.8918947443856632
0.9022559433390114
0.9126418584301603