2.2309325776119004e-6
2.2309325775056626e-6
2.2309325774727795e-6
2.230932577543836e-6
2.2309325774854892e-6
2.23093257735794e-6
2.230932577443447e-6
2.230932577407054e-6
2.2309325774138654e-6
2.2309325775695196e-6
2.230932577533822e-6
2.230932577602396e-6
2.2309325774509434e-6
2.2309325776230508e-6
2.2309325775781517e-6
2.2309325773759852e-6
2.230932577344282e-6
2.2309325774319754e-6
2.230932577642994e-6
2.2309325775690367e-6
2.2309325775046733e-6
2.230932577627516e-6
2.230932577507658e-6
2.2309325775407717e-6
2.2309325773614514e-6
2.2309325775398747e-6
2.2309325774958383e-6
2.2309325775392534e-6
2.2309325773285967e-6
2.230932577584394e-6
2.230932577390842e-6
2.2309325775897823e-6
2.2309325774645925e-6
2.2309325775449865e-6
2.2309325774745146e-6
2.230932577596339e-6
2.230932577450564e-6
2.230932577527938e-6
2.2309325774561616e-6
2.23093257739204e-6
2.2309325773381678e-6
2.2309325775931022e-6
2.230932577565217e-6
2.230932577585924e-6
2.230932577472727e-6
2.230932577467585e-6
2.23093257769422e-6
2.2309325774801123e-6
2.2309325774866696e-6
2.2309325773090057e-6
2.2309325776672684e-6
2.2309325776254754e-6
2.2309325774118164e-6
2.2309325775064118e-6
2.2309325775403706e-6
2.230932577519526e-6
2.2309325773700234e-6
2.230932577425448e-6
2.230932577432903e-6
2.230932577448502e-6
2.230932577400462e-6
2.2309325776322394e-6
2.230932577296993e-6
2.2309325775572727e-6
2.230932577541225e-6
2.2309325774412805e-6
2.230932577598203e-6
2.2309325773599716e-6
2.2309325775000184e-6
2.2309325774509015e-6
2.230932577578731e-6
2.2309325774823065e-6
2.2309325774231544e-6
2.2309325775253074e-6
2.2309325774448964e-6
2.2309325776084797e-6
2.2309325773767056e-6
2.230932577626981e-6
2.2309325774977708e-6
2.230932577612072e-6
2.23093257746395e-6
2.2309325774825238e-6
2.2309325776238127e-6
2.2309325774144676e-6
2.2309325776574958e-6
2.2309325774502903e-6
2.2309325776603948e-6
2.230932577574324e-6
2.2309325773081057e-6
2.2309325775803302e-6
2.230932577532843e-6
2.2309325774792813e-6
2.2309325775382268e-6
2.230932577484458e-6
2.2309325772926406e-6
2.230932577456219e-6
2.230932577529528e-6
2.2309325774418696e-6
2.230932577546784e-6
2.230932577461334e-6
2.230932577449738e-6
2.230932577467962e-6
2.2309325774729315e-6
2.2309325774795558e-6
2.2309325775742477e-6
2.2309325775906835e-6
2.230932577600485e-6
2.2309325774842466e-6
2.230932577525108e-6
2.2309325775568585e-6
2.2309325775306225e-6
2.2309325773108624e-6
2.2309325775590595e-6
2.2309325774834187e-6
2.2309325774689107e-6
2.2309325774330193e-6
2.2309325774835436e-6
2.230932577325482e-6
2.2309325775789326e-6
2.2309325775905285e-6
2.2309325774127266e-6
2.2309325773889986e-6
2.230932577510478e-6
2.230932577440629e-6
2.2309325775494084e-6
2.230932577398383e-6
2.230932577564029e-6
2.2309325774345377e-6
2.23093257746546e-6
2.230932577390087e-6
2.2309325773573704e-6
2.230932577456832e-6
2.2309325775507023e-6
2.2309325774361597e-6
2.2309325771929935e-6
2.2309325773508826e-6
2.230932577532998e-6
2.2309325776968574e-6
2.230932577768201e-6
2.2309325776714384e-6
2.230932577597032e-6
2.230932577691593e-6
2.2309325777635142e-6
2.2309325775676286e-6
2.2309325777077443e-6
2.230932577771659e-6
2.230932577772765e-6
2.2309325776474203e-6
2.2309325775441628e-6
2.2309325777646205e-6
2.2309325776413463e-6
2.2309325776082154e-6
2.230932577608211e-6
2.2309325776864825e-6
2.230932577705111e-6
2.230932577565641e-6
2.230932577703127e-6
2.2309325774676588e-6
2.2309325777149416e-6
2.230932577475176e-6
2.230932577653039e-6
2.230932577421759e-6
2.2309325774058978e-6
2.2309325775470257e-6
2.23093257752167e-6
2.2309325775640325e-6
2.2309325776147985e-6
2.2309325775576204e-6
2.2309325776240545e-6
2.2309325775341525e-6
2.230932577565247e-6
2.2309325774634736e-6
2.2309325775107884e-6
2.230932577616291e-6
2.2309325776652627e-6
2.2309325775621084e-6
2.2309325777616525e-6
2.23093257741585e-6
2.2309325775922713e-6
2.2309325774989185e-6
2.2309325773970713e-6
2.2309325775599646e-6
2.230932577932678e-6
2.230932578255358e-6
2.2309325787011395e-6
2.230932579587003e-6
2.2309325811185766e-6
2.2309325847438086e-6
2.2309325908818375e-6
2.2309326029643216e-6
2.2309326248373644e-6
2.230932664716261e-6
2.2309327360355058e-6
2.2309328620726467e-6
2.2309330823170165e-6
2.2309334623408437e-6
2.2309341094406033e-6
2.230935198795663e-6
2.2309370114390894e-6
2.2309399931280365e-6
2.230944844096508e-6
2.2309526509054667e-6
2.2309650814967316e-6
2.2309846698073127e-6
2.231015226159802e-6
2.231062420918455e-6
2.2311346101961102e-6
2.2312439908853235e-6
2.231408195074708e-6
2.2316524792813202e-6
2.2320126957339544e-6
2.2325392896144757e-6
2.233302626513417e-6
2.234400036561113e-6
2.235965034549814e-6
2.2381793042989263e-6
2.2412881307793533e-6
2.2456201182254955e-6
2.251612183825706e-6
2.2598409915346e-6
2.271062175091936e-6
2.2862589322057305e-6
2.306701760295443e-6
2.33402138629249e-6
2.370297151597758e-6
2.418163394685962e-6
2.4809366330283553e-6
2.562766563758991e-6
2.6688142014877448e-6
2.8054606470901766e-6
2.980550202971363e-6
3.2036717383585724e-6
3.486482279739078e-6
3.843076972341357e-6
4.29040944641346e-6
4.848766779160427e-6
5.542302846716703e-6
6.399634032686007e-6
7.454500668088291e-6
8.74649732377423e-6
0.000010321874828319625
0.000012234416055312898
0.00001454638716479137
0.0000173295650699926
0.000020666341376150077
0.000024650902177574843
0.000029390481789144948
0.00003500668839421316
0.00004163689755567704
0.00004943571026713515
0.00005857646762475744
0.00006925281960161488
0.00008168033624528208
0.000096098155613207
0.00011277065980692036
0.00013198916489121624
0.00015407362140077972
0.0001793743043342404
0.00020827349096516252
0.00024118710615573475
0.00027856632635594563
0.00032089912895442866
0.00036871177589830353
0.00042257021261250474
0.00048308137963964763
0.0005508944166964524
0.0006267017472893442
0.0007112400460211844
0.0008052910554208158
0.0009096822679367539
0.0010252874412909612
0.0011530269641489494
0.001293868038407678
0.0014488246969474796
0.0016189576421071494
0.0018053738965519382
0.002009226279291826
0.0022317126953955192
0.0024740752346336997
0.0027375991102099955
0.0030236113990395807
0.003333479623277755
0.0036686101621685725
0.004030446494328858
0.004420467299808412
0.0048401844141087455
0.005291140635936414
0.0057749074240555625
0.006293082471485573
0.006847287174712704
0.007439164009110875
0.008070373829028596
0.008742593084503337
0.009457511007644522
0.010216826722101509
0.011022246331128195
0.011875480012376977
0.012778239038396958
0.013732232878877242
0.01473916625866991
0.015800736248876214
0.016918629418507566
0.018094519056827556
0.019330062284794555
0.02062689751761439
0.021986641693256384
0.023410887880601753
0.02490120253677613
0.026459123558177065
0.028086157595084343
0.029783778184733396
0.03155342353147871
0.03339649461687282
0.03531435335705888
0.0373083209289993
0.03937967614293859
0.04152965398585481
0.04375944427517176
0.0460701904889369
0.0484629886398097
0.05093888611597025
0.05349888124367187
0.05614392213491185
0.05887490632118325
0.06169268021368045
0.06459803851226233
0.06759172435051787
0.07067442867074643
0.07384679047278539
0.07710939678565581
0.08046278263851891
0.08390743154472242
0.08744377553706927
0.09107219585706074
0.09479302310753601
0.09860653820263665
0.10251297254413298
0.10651250906230687
0.11060528292092207
0.1147913821043339
0.1190708484822351
0.1234436786724116
0.12790982507103826
0.1324691967467924
0.1371216604936068
0.14186704203554465
0.14670512693464755
0.15163566186510463
0.156658355583987
0.16177288054746572
0.16697887334291509
0.1722759367029287
0.17766364018530378
0.1831415214107379
0.1887090876917485
0.19436581656399024
0.20011115783414582
0.20594453397086088
0.21186534192243417
0.21787295404981782
0.2239667192929335
0.23014596435508625
0.23640999509819927
0.24275809728527648
0.24918953806325458
0.25570356698521224
0.262299416789123
0.2689763050715893
0.2757334347505153
0.28256999553907547
0.28948516454184287
0.2964781077063293
0.30354798035119757
0.31069392829612114
0.31791508885177394
0.32521059150750026
0.3325795589547993
0.3400211079171506
0.34753434969070135
0.3551183913322173
0.3627723361070722
0.37049528435896767
0.37828633424392905
0.3861445822362506
0.3940691239254724
0.4020590546784814
0.4101134700792812
0.418231466643684
0.42641214235429564
0.43465459716961324
0.4429579335068517
0.45132125678796253
0.45974367577390973
0.4682243032283321
0.4767622561448606
0.48535665612922585
0.49400663004068934
0.5027113099250402
0.5114698337552965
0.5202813455497095
0.5291449955912056
0.538059940848671
0.547025345536145
0.5560403803968618
0.5651042241746155
0.5742160627648941
0.583375090488339
0.5925805084520868
0.6018315273879999
0.6111273652047128
0.6204672489426011
0.6298504139308433
0.6392761042225613
0.6487435726215949
0.6582520809483628
0.6678008999234999
0.6773893092929005
0.6870165978785835
0.6966820638403567
0.7063850145729094
0.7161247660155395
0.7259006443373073
0.7357119842810431
0.7455581301492166
0.7554384356245154
0.765352263057225
0.7752989849079255
0.7852779821587322
0.7952886453513631
0.8053303743174195
0.8154025776488166
0.8255046734512329
0.8356360884574554
0.8457962588512148
0.8559846292537353
0.8662006537892362
0.8764437947899184
0.8867135236808728
0.8970093207546215
0.9073306745312865
0.9176770821961595
0.9280480493853217
0.9384430902655833
0.9488617271928793
0.9593034906661304
0.9697679195347374
0.9802545604726836
0.9907629682195235
1.001292705085323
1.0118433418195263
1.022414455948838
1.0330056333468778
1.0436164670714267
1.054246557333657
1.06489551220171
1.0755629461795315
1.0862484816987557
1.096951747469321
1.1076723795301942
1.1184100206545113
1.1291643202195778
1.1399349341313412
1.150721525131483
1.1615237619976242
1.1723413200586026
1.1831738809362775
1.19402113193175
1.2048827669263422
1.2157584853144379
1.22664799263514
1.237550999818695
1.248467223838162
1.2593963869346778
1.2703382168368726
1.2812924467898068
1.292258815163643
1.3032370656151246
1.3142269469898502
1.3252282128418713
1.336240621947236
1.347263937764509
1.3582979285550885
1.369342367339304
1.3803970315679088
1.391461703245687
1.4025361688952562
1.4136202192492247
1.4247136493606223
1.4358162584963463
1.4469278500295368
1.4580482313311345
1.4691772137773689
1.4803146125061153
1.4914602466410187
1.502613938965762
1.5137755158363435
1.5249448074553384
1.5361216472543577
1.547305872349405
1.5584973232156456
1.5696958435228783