-0.000021980777548945263
-0.000021841235429978162
-0.000021668458149931143
-0.000021455513073675028
-0.00002119424377662121
-0.000020875092337097098
-0.000020486912790754406
-0.0000200167536507247
-0.000019449644927581862
-0.000018768331957378426
-0.000017953032739790773
-0.00001698112943987241
-0.000015826890516383487
-0.000014461113331060986
-0.000012850820438946309
-0.000010958879275096374
-8.743607897693428e-6
-6.158433547079664e-6
-3.151436457963329e-6
3.350642286797208e-7
4.3649125937541725e-6
9.008582239981227e-6
0.000014343629278496278
0.000020455151295922215
0.000027436194011236468
0.000035388328361766326
0.00004442199130670016
0.00005465695846563242
0.00006622291604766795
0.000079259733367093
0.00009391797832766382
0.00011035933547132378
0.00012875700637586169
0.00014929604536859968
0.00017217369640766617
0.00019759985587953092
0.00022579729860294765
0.00025700176338569827
0.00029146263873650594
0.0003294427827167931
0.0003712188584617214
0.00041708155665613636
0.0004673354646125591
0.0005222994393560031
0.0005823064844270278
0.0006477037226597565
0.0007188525461942221
0.0007961282085441654
0.0008799201275394222
0.0009706313811883903
0.0010686788709643536
0.001174492540279381
0.0012885157639054357
0.001411204945170987
0.0015430285144003354
0.0016844676625538475
0.001836014938511456
0.001998174861541799
0.0021714623442902884
0.0023564029039279386
0.0025535328210111413
0.002763397116987681
0.002986550004765897
0.0032235548271674092
0.003474982014532356
0.003741410156319145
0.004023424393095277
0.004321615990667424
0.004636582238585753
0.004968925527335882
0.005319252351060448
0.0056881738401311265
0.0060763041847236654
0.006484260234232688
0.006912660788087775
0.007362127650251788
0.007833281832443863
0.00832674635976149
0.008843143481743304
0.00938309507107637
0.009947222367871142
0.010536144952347662
0.01115047966089569
0.011790841549445175
0.012457842040604695
0.013152089970962403
0.013874190156242685
0.014624742311684834
0.015404342657143903
0.016213581103030526
0.017053042910901723
0.017923308644039123
0.018824950309872877
0.019758535980828402
0.020724625470354835
0.021723772672879445
0.022756523586628302
0.02382341726825606
0.02492498534028377
0.026061750464209155
0.02723422889635095
0.02844292745184897
0.029688345590446776
0.030970973383386623
0.03229129259713096
0.03364977622827084
0.03504688963865797
0.03648308742228956
0.037958816679613185
0.03947451495579045
0.04103061031015929
0.04262752248297628
0.04426566189579382
0.045945429183645865
0.0476672169170045
0.049431408043596185
0.051238376512510654
0.05308848679995299
0.054982094529528215
0.056919546539926404
0.0589011803962906
0.06092732554337361
0.06299830115759163
0.0651144183846881
0.06727598036698854
0.0694832800798227
0.07173660307861449
0.07403622586302719
0.07638241641722703
0.07877543473160102
0.081215532230452
0.08370295280338402
0.08623793167318812
0.08882069586842846
0.09145146467314476
0.09413045057606767
0.09685785652523772
0.09963387999999024
0.10245870868414515
0.10533252498831955
0.1082555022460441
0.1112278081219849
0.11424960234393979
0.11732103750409464
0.12044225981422492
0.12361340833525233
0.12683461520064784
0.1301060067845823
0.13342770142993424
0.13679981251710888
0.14022244663450978
0.1436957036959041
0.14721967750069626
0.15079445670917063
0.1544201225451274
0.158096751585765
0.16182441389281726
0.16560317344810957
0.1694330894272721
0.17331421519870477
0.17724659822147007
0.18123028035622768
0.18526529855987842
0.18935168509677633
0.19348946522700078
0.19767866075501678
0.20191928765632305
0.20621135623584072
0.21055487323701602
0.21494983947498342
0.21939625147673494
0.22389409992258028
0.22844337195515496
0.23304404956254438
0.23769611026444135
0.24239952626354952
0.24715426615725938
0.2519602936485359
0.25681756808155065
0.26172604421623547
0.2666856723349987
0.2716963993302827
0.2767581666707492
0.28187091212402715
0.2870345696913156
0.2922490682299649
0.297514333643524
0.3028302868020474
0.30819684530025665
0.3136139223053683
0.3190814269673499
0.3245992647660169
0.3301673375060925
0.33578554270416305
0.3414537744141601
0.34717192255304646
0.35293987362966134
0.35875751056392624
0.36462471195145507
0.3705413534710309
0.3765073067962242
0.38252244010435066
0.3885866182554159
0.39469970217420564
0.40086154972267063
0.40707201501262014
0.41333094917012975
0.4196381991239285
0.42599360946369147
0.43239702069124303
0.4388482704976652
0.44534719312944804
0.45189361964145863
0.4584873778773962
0.4651282926249323
0.47181618551292015
0.478550875083901
0.4853321768224813
0.4921599033400182
0.499033864310265
0.5059538659921431
0.5129197124451941
0.5199312043805664
0.5269881398938782
0.5340903143768315
0.5412375200474049
0.5484295470370475
0.5556661822999547
0.562947210420541
0.5702724134838313
0.5776415707568762
0.5850544593109015
0.5925108534527742
0.6000105253950048
0.6075532446163115
0.6151387787214166
0.6227668925772498
0.6304373490628965
0.6381499090020349
0.6459043307843473
0.6537003707939979
0.6615377833604271
0.6694163209168636
0.6773357338638228
0.6852957706405639
0.6932961779996244
0.7013367007227213
0.7094170819191113
0.717537062781042
0.7256963833561282
0.733894781387471
0.7421319936711522
0.7504077552669244
0.7587217996020567
0.7670738591496382
0.7754636644445987
0.7838909453835617
0.792355430058247
0.8008568457131726
0.8093949184081919
0.8179693730459684
0.8265799334427064
0.8352263227062887
0.8439082627287189
0.8526254747305682
0.861377679187199
0.8701645954642971
0.8789859426782171
0.8878414389638568
0.8967308021183938
0.9056537491183858
0.914609996782448
0.9235992612677485
0.9326212583780888
0.9416757037173541
0.9507623124948975
0.9598807997861527
0.9690308805790689
0.9782122694998425
0.9874246813652952
0.9966678308573077
1.005941432745909
1.0152452019751126
1.0245788535074456
1.0339421025473143
1.0433346646299568
1.0527562554781968
1.0622065912122904
1.0716853883745672
1.0811923639521246
1.0907272353962887
1.1002897207405706
1.1098795385013045
1.1194964079790273
1.1291400490856307
1.1388101823736414
1.1485065293783894
1.1582288121856346
1.1679767539279595
1.1777500786026096
1.187548511025808
1.1973717770299221
1.2072196038273915
1.2170917189923915
1.2269878518638306
1.236907732416703
1.246851092474699
1.2568176637644388
1.266807180848372
1.2768193783385706
1.2868539928921912
1.2969107621955656
1.306989425341088
1.3170897227759715
1.3272113965177592
1.337354189972799
1.3475178480234744
1.357702117046207
1.3679067451613358
1.3781314821056438
1.3883760784979855
1.3986402876130262
1.4089238636448764
1.4192265627589533
1.4295481429232564
1.4398883631927257
1.4502469852492617
1.4606237717837205
1.471018487623497
1.4814308995004053
1.491860775556611
1.5023078861850034
1.5127720031796388
1.5232529006336002
1.5337503539947104
1.5442641412170317
1.554794041508617
1.5653398363225555
1.5759013092057477
1.5864782452267236
1.5970704315115203
1.6076776571118245
1.618299713176263
1.628936392692212
1.63958749043137
1.6502528037557258
1.6609321311450727
1.6716252736800918
1.6823320338634247
1.6930522169648925
1.7037856292832498
1.7145320798935573
1.725291379542279
1.736063340719509
1.7468477784691296
1.7576445090460693
1.7684533515239058
1.779274126221793
1.7901066558638326
1.8009507650726728
1.811806280333397
1.8226730300117913
1.8335508447576396
1.844439556790714
1.8553390005126165
1.8662490123373237
1.877169430163474
1.8881000943709554
1.899040846834733
1.9099915316479446
1.9209519944500861
1.9319220831674675
1.9429016473183431
1.9538905383165504
1.9648886095821851
1.975895716229176
1.9869117153069247
1.9979364657801613
2.0089698281241026
2.020011664915356
2.031061840365326
2.0421202205141924
2.053186673258876
2.0642610680946607
2.075343276308656
2.086433171011791
2.097530626897553
2.1086355204185403
2.11974772974416
2.1308671347165964
2.141993616804031
2.1531270591693397
2.164267346486004
2.175414365220842
2.1865680033655077
2.197728150404964
2.2088946976467225
2.2200675376572216
2.2312465647697994
2.242431674811103
2.2536227649871288
2.2648197340477476
2.2760224826393465
2.28723091208616
2.2984449259272166
2.3096644285775643
2.3208893266411557
2.33211952666058
2.3433549383696985
2.3545954714983903
2.365841037966272
2.377091550687811
2.388346923944937
2.3996070732796273
2.4108719156850187
2.4221413693546396
2.433415353732837
2.44469378948892
2.4559765987485496
2.467263704907551
2.478555031779975
2.48985050551287
2.501150052630333
2.51245360115307
2.5237610803725183
2.5350724200300574
2.5463875519663572
2.557706408315147
2.5690289227017797
2.5803550299545766
2.591684665535143
2.6030177664208023
2.6143542701511926
2.6256941157726894
2.637037242787029
2.6483835923691936
2.65973310598771
2.6710857264495194
2.68244139771055
2.693800064236767
2.7051616715584412
2.716526166106307
2.7278934953739244
2.739263607620887
2.7506364519032678
2.762011978381119
2.773390137829225
2.7847708819793096
2.7961541630925013
2.8075399349586374
2.818928151189587
2.8303187670313275
2.8417117381779047
2.853107020837784
2.864504572579972
2.875904350903928
2.887306314928201
2.898710423723664
2.9101166375245704
2.921524917189822
2.9329352241579767
2.9443475204609437
2.95576176914282
2.967177933502329
2.9785959777358535
2.9900158667524965
3.001437565619993
3.0128610406053697
3.024286258141504
3.0357131855818844
3.047141790498486
3.058572041454233
3.070003907278624
3.0814373573854748
3.0928723618891834
3.104308891281496
3.1157469166851017
3.1271864098350726
3.1386273426619993
3.150069687908651
3.161513418649814
3.1729585084977705
3.1844049316357
3.1958526625553616
3.207301676262719
3.218751948316463
3.2302034545848097
3.241656171434187
3.253110075692052
3.264565144608283
3.276021355814165
3.287478687400515
3.2989371177358646
3.3103966257652186
3.321857190741838
3.333318792203355
3.3447814103183897
3.356245025316455
3.367709618018375
3.3791751695644003
3.3906416613067485