0.1080962497823787
0.10929549533420208
0.11050746589259258
0.1117322922144196
0.11297009105339918
0.11422099007684006
0.11548510769089873
0.11676258180957365
0.11805352617349205
0.11935808246944132
0.12067636802665598
0.12200852216150147
0.1233546643976684
0.12471493940481733
0.126089471661315
0.12747839213942444
0.12888184607052552
0.13029995824744833
0.13173286702735487
0.13318071500341158
0.1346436363108551
0.1361217687474278
0.1376152532049985
0.13912423312779099
0.14064884250697682
0.14218923258628507
0.14374554428622663
0.14531791584924336
0.14690650083914766
0.14851144165040325
0.15013288401270003
0.151770976398914
0.1534258694615633
0.15509771208332288
0.1567866510856409
0.15849284093567972
0.1602164362837477
0.16195758180303949
0.16371643800680685
0.1654931577031424
0.16728789540171218
0.16910080984762293
0.17093205418960775
0.17278178788559295
0.17465016992510626
0.17653735839555737
0.1784435158423767
0.18036879996767446
0.1823133747029053
0.18427740100340742
0.1862610447602131
0.18826446517544884
0.19028782802435984
0.19233130209279808
0.19439504807131908
0.19647923650121474
0.1985840314297283
0.20070960527167225
0.20285612294201305
0.20502375151588656
0.20721266673592212
0.20942303530601789
0.21165502659003696
0.21390881647663543
0.2161845727147225
0.2184824705683809
0.22080268286628227
0.22314538170684814
0.22551074233736274
0.22789894000539238
0.23031014731693322
0.2327445420932825
0.2352023002393856
0.23768359718942622
0.24018860730881986
0.2427175131049926
0.24527048658568476
0.24784770836238368
0.25044935509333
0.25307560461256207
0.2557266369781974
0.2584026317958639
0.2611037657341874
0.263830219027171
0.2665821692842741
0.26935979776169044
0.2721632849775082
0.27499280832211936
0.2778485497029951
0.2807306863501416
0.2836393983228966
0.2865748690879094
0.2895372735891145
0.29252679485825683
0.2955436105394258
0.2985879013505499
0.3016598456135177
0.3047596228835991
0.3078874130147547
0.31104339241871004
0.31422774174636675
0.31744063784000676
0.3206822598335461
0.3239527840746126
0.32725238731787554
0.3305812457519516
0.33393953791006115
0.3373274372477155
0.3407451205958689
0.3441927613102026
0.34767053358158484
0.35117861112380516
0.354717166890529
0.35828637172554284
0.36188639801887656
0.3655174163003862
0.36917959651409893
0.3728731069820595
0.3765981155779163
0.3803547897172925
0.38414329527856034
0.387963798671314
0.3918164626258147
0.3957014502977254
0.39961892506468244
0.40356904643226077
0.4075519748582114
0.4115678686095759
0.4156168845680421
0.4196991789391931
0.42381490607181976
0.4279642200095655
0.43214727238528244
0.4363642130501171
0.4406151906206467
0.4449003537832762
0.44921984669591547
0.45357381529448815
0.4579624002511479
0.4623857438628222
0.466843983997663
0.4713372590454309
0.4758657043502035
0.48042945321515484
0.48502863784542105
0.4896633880140958
0.4943338312273261
0.4990400942345497
0.5037822995769538
0.5085605698309003
0.5133750247988432
0.5182257815325334
0.5231129549669179
0.5280366590977151
0.5329970036505366
0.5379940977745453
0.5430280473218688
0.5480989553151976
0.5532069235123789
0.5583520509092192
0.5635344334688438
0.5687541644600805
0.5740113351366978
0.5793060349659664
0.5846383484640102
0.5900083596836874
0.5954161490208679
0.6008617933253221
0.6063453684654823
0.6118669462100337
0.6174265961997898
0.6230243838933605
0.6286603733515091
0.6343346251165721
0.6400471969721218
0.6457981428117147
0.6515875146485353
0.6574153609453786
0.6632817271866653
0.6691866555243788
0.675130184831057
0.6811123519217627
0.6871331890446681
0.6931927258722632
0.6992909893428838
0.7054280019660687
0.7116037843412886
0.7178183526441636
0.7240717206286307
0.7303638982165838
0.7366948919221137
0.7430647051962227
0.7494733383621521
0.7559207878565272
0.7624070471287154
0.7689321058170454
0.775495950534638
0.7820985646126485
0.7887399272220765
0.7954200149266061
0.8021388004055758
0.8088962529896925
0.815692338820509
0.8225270201189924
0.8294002561258867
0.8363120022963443
0.8432622111168429
0.8502508307252697
0.8572778069405351
0.8643430812917016
0.8714465924011925
0.8785882752541844
0.8857680614494555
0.8929858791502036
0.9002416532270551
0.907535305119402
0.9148667528898456
0.9222359112310462
0.9296426916428014
0.9370870023387474
0.9445687477088738
0.9520878296137462
0.9596441461209022
0.9672375922774962
0.9748680599948427
0.9825354375259969
0.9902396106153721
0.997980461311128
1.0057578688146969
1.0135717093249847
1.021421855683486
1.0293081780231057
1.0372305431483104
1.0451888152342201
1.05318285513418
1.0612125212791934
1.0692776687502612
1.0773781500611999
1.0855138150747703
1.0936845105925452
1.101890080798256
1.110130367190065
1.118405208748942
1.1267144417746056
1.1350578999578862
1.1434354146590051
1.1518468146018008
1.1602919261787692
1.1687705731882845
1.1772825776342242
1.1858277585087404
1.1944059332024342
1.203016916674905
1.2116605215582592
1.220336558857048
1.2290448369206326
1.237785162788671
1.2465573409756705
1.2553611744606326
1.264196464332937
1.2730630098175078
1.2819606083449786
1.2908890559393245
1.299848146690678
1.3088376733152047
1.3178574270762686
1.3269071974070148
1.335986772795061
1.3450959400267002
1.354234484848254
1.3634021914682448
1.3725988432376661
1.3818242221317985
1.3910781090663589
1.400360284054456
1.4096705260068563
1.4190086129992867
1.428374322320062
1.4377674301898835
1.4471877123278585
1.4566349436190684
1.4661088983329114
1.4756093502242753
1.4851360724048794
1.4946888375227143
1.5042674178739301
1.5138715852584663
1.5235011113520056
1.533155767116642
1.5428353237328674
1.552539552033381
1.5622682227679312
1.5720211065048335
1.5817979739402586
1.5915985957252008
1.6014227424983496
1.6112701852367692
1.6211406948198694
1.631034042536885
1.6409499999051989
1.6508883386276008
1.6608488307959939
1.6708312492639037
1.6808353666179625
1.6908609566036876
1.7009077929870196
1.7109756507838454
1.721064304296759
1.73117353008726
1.7413031041597218
1.75145496774087
1.7616224074790134
1.771811693384098
1.7820204412262546
1.792248431535329
1.8024954456666111
1.8127612658937462
1.8230456754317128
1.8333484586939337
1.8436694011682864
1.8540082886809117
1.8643649091914283
1.8747390510454012
1.8851305040408994
1.8955390592631305
1.9059645083679486
1.9164066451398278
1.9268652638655706
1.9373401604763
1.9478311323184656
1.9583379776612633
1.96886049654854
1.9793984899481702
1.989951760661623
2.0005201123782546
2.011103350839952
2.0217012825856733
2.032313715954387
2.0429404609379196
2.0535813286104845
2.064236131673199
2.074904684326619
2.0855868024482276
2.096282303337924
2.106991005769353
2.1177127303019003
2.1284472988415706
2.139194534984004
2.149954263630662
2.160726311952592
2.1715105077950208
2.1823066814090644
2.1931146643465227
2.20393428953763
2.2147653921098094
2.2256078080440167
2.2364613757942524
2.2473259347127312
2.258201326219018
2.269087393296378
2.2799839804603836
2.2908909337821117
2.3018081012976666
2.312735332296289
2.323672477939141
2.33461939109384
2.345575925809635
2.356541938321922
2.3675192367857427
2.378504242803405
2.3894983481441128
2.4005014139734877
2.411513301817182
2.4225338737666626
2.4335629924906175
2.4445944856537625
2.4556395825264574
2.4666928053288544
2.4777540274721797
2.4888231241667094
2.4998999720159527
2.5109844492149764
2.5220764355822594
2.533175812304523
2.5442824621344564
2.555396269426536
2.566517119899005
2.5776449008145446
2.5887795009415724
2.599920810513796
2.6110687211869705
2.622223126111317
2.6333839197506355
2.6445509981690427
2.655724258765423
2.6669036002452406
2.6780889229536893
2.6892801283143926
2.700477119341476
2.711679800368691
2.7228880769384403
2.7341018559696546
2.745321046113989
2.756545556538362
2.767775274681345
2.77901015936423
2.7902501020679793
2.8014950406585037
2.812744842674511
2.8239994493668163
2.83525877944874
2.846522752488928
2.8577912892870723
2.8690643068492396
2.88034174369474
2.8916235141129234
2.9029095433464343
2.914199762143161
2.9254940897526396
2.936792458407901
2.9480947605521286
2.9594009988504153
2.9707110719731276
2.982024913118504
2.9933424566473867
3.004663637263837
3.015988391668026
3.0273166567504743
3.038648370793672
3.049983473185138
3.0613219038492403
3.072663604132234
3.0840925334960714
3.0953565822350453
3.106707746886125
3.118061954988828
3.129419151936625
3.1407792843782008
3.1521423000295634
3.1635081470363398
3.174876774530038
3.186248132465699
3.197622171785923
3.2089988441254294
3.220378101843044
3.231759898330856
3.243144187526138
3.254530924255186
3.265920063806954
3.277311562934245
3.288705378147515
3.3001014675291906
3.311499789548327
3.322900303128284
3.3343029684944914
3.3457077457449174
3.3571145965414733
3.3685234824405454
3.3799343661104233
3.3913472107903533
3.4027619802474134
3.4141786387913085
3.425597151693642
3.4370174844342714
3.448439603340879
3.4598634754081097
3.4712890677435047
3.4827163486094816
3.494145286390495
3.505575850348965
3.5170080099238623
3.5284417355042828
3.539876997705735
3.5513137676888347
3.562752017276445
3.574191718631154
3.585632844509762
3.5970753682454957
3.6085192633318064
3.6199645040399444
3.631411064939419
3.642858921104266
3.6543080481471475
3.665758421957692
3.6772100189088532
3.6886628158960986
3.700116790094813
3.7115726278497263
3.723028181138104
3.734485554532206
3.745944018158415
3.7574035512761768
3.7688641333966957
3.780325744582294
3.7917883651787068
3.8032519757917433
3.814716557634473
3.8269802936642634
3.8376485605803725
3.8491159456193493
3.860584229381219