-0.000020111643233024405
-0.00001793497433299672
-0.000015401631952871103
-0.000012462591223751909
-9.06357076664652e-6
-5.1445937586531796e-6
-6.396545086418055e-7
4.5237768671939306e-6
0.000010424989923610153
0.000017150649336029424
0.000024794957401559016
0.00003346028585968594
0.0000432573249682533
0.00005430576972802236
0.0000667343718317874
0.00008068148675733173
0.00009629553996463903
0.00011373499233236487
0.00013316901028882793
0.0001547776954248122
0.00017875216830416025
0.00020529497637927075
0.00023462032719610775
0.00026695429352799934
0.0003025347089129296
0.0003416119092087875
0.0003844482253457451
0.00043131817936832876
0.0004825090875987235
0.000538320301483691
0.0005990636004627605
0.0006650631496253777
0.0007366554210093934
0.0008141889141084646
0.0008980239568915474
0.0009885330124339744
0.0010861001577558255
0.0011911202120454584
0.001303999976032938
0.001425156586386669
0.0015550177346761722
0.0016940215491900708
0.0018426154942434011
0.0020012568953116493
0.0021704120401696927
0.002350555693648242
0.0025421711781862446
0.002745749017883763
0.0029617875945832793
0.003190791730924306
0.003433273102558738
0.003689748355236988
0.0039607402160075494
0.004246776666058488
0.004548388863979592
0.004866113170700565
0.005200488298424482
0.005552057097049102
0.005921363539459416
0.006308953728807412
0.0067153767037640266
0.00714118077852474
0.007586915125409637
0.00805313021011286
0.008540374375223323
0.00904919662016932
0.00958014412760312
0.010133762167964796
0.010710594591503773
0.011311182795952652
0.011936064630969639
0.01258577604951941
0.013260848976682183
0.013961811327516392
0.0146891864860906
0.01544349574658732
0.016225252567962072
0.01703496796751254
0.017873146511749753
0.018740287637786575
0.01963688583765567
0.020563429605179557
0.02152040033891611
0.022508274431765896
0.023527520938567997
0.02457860372523287
0.02566197977418831
0.026778098087752156
0.027927402569345335
0.02911032830634542
0.030327304480220394
0.03157875466651838
0.03286509169294005
0.03418672467483059
0.03554405319179141
0.036937470968146
0.03836736341961879
0.03983410930571653
0.04133808032822106
0.04287963933378303
0.04445914405494711
0.046076943230825354
0.04773337965368492
0.04942878766046476
0.051163494786331615
0.05293782132944479
0.05475208199171604
0.0566065819573515
0.05850162129672089
0.0604374924189168
0.06241448029719268
0.06443286406092677
0.06649291581274293
0.06859490013719043
0.07073907633569315
0.0729256965343844
0.07515500652437307
0.07742724522641188
0.07974264549904121
0.08210143424756182
0.08450383185275065
0.08695005358672493
0.0894403070278301
0.09197479477533084
0.09455371446394256
0.09717725617566095
0.0998456057104337
0.10255894261927741
0.10531744083111128
0.10812126924163515
0.11097059101240063
0.11386556474514786
0.11680634312535702
0.11979307344287184
0.12282589807434084
0.12590495552855877
0.12903037724469651
0.13220229222392244
0.13542082202437228
0.13868608588042336
0.14199819631471083
0.14535726296052962
0.14876338993337793
0.152216676689659
0.15571721882024184
0.15926510712752887
0.16286042782395746
0.16650326377840274
0.17019369192801895
0.17393178663916756
0.17771761761177726
0.18155124995831434
0.18543274476925228
0.18936216012759452
0.19333954852540147
0.19736495987607333
0.2014384394058172
0.20556002808145182
0.2097297639453611
0.2139476809669247
0.21821380888154793
0.22252817347895532
0.22689079730373593
0.2313016998284158
0.23576089490922061
0.2402683945675701
0.24482420637964816
0.24942833360486097
0.2540807774016547
0.2587815342409859
0.26353059761981795
0.2683279563516099
0.27317359698845695
0.27806750205126446
0.28300965072003764
0.2880000178923096
0.2930385759609118
0.29812529340537647
0.30326013532242346
0.3084430631503272
0.313674034746187
0.31895300549626127
0.32427992613679507
0.32965474453687765
0.33507740559379284
0.3405478497542753
0.3460660152824851
0.3516318360469773
0.3572452433339262
0.3629061646107766
0.368614523928156
0.37437024225440846
0.3801732374423761
0.38602342356418895
0.391920711746218
0.39786500944202485
0.40385622116648756
0.40989424828332255
0.41597898821940593
0.4221103359031185
0.42828818261326956
0.43451241648607647
0.4407829226794071
0.44709958271385836
0.45346227535551253
0.4598708758867565
0.46632525687716775
0.4728252869161878
0.4793708325119353
0.485961756271868
0.49259791820239623
0.4992791750403133
0.5060053804980333
0.5127763852287054
0.51959203697117
0.5264521804304225
0.5333566573386032
0.5403053064710517
0.5472979638227993
0.5543344625301208
0.5614146323704325
0.5685383009946647
0.5757052927402033
0.5829154293698711
0.5901685299707502
0.5974644104644156
0.604802884707184
0.6121837633670584
0.6196068547387107
0.6270719646020143
0.6345788958888213
0.6421274493086296
0.6497174227613548
0.6573486120117921
0.665020810031227
0.6727338078649547
0.6804873937466261
0.6882813538541953
0.6961154722343579
0.7039895304116774
0.7119033078189777
0.7198565817348411
0.7278491274552228
0.735880718127474
0.7439511248341665
0.7520601168597577
0.7602074613987725
0.7683929238535782
0.7766162675821608
0.7848772546760048
0.7931756447814095
0.8015111964699648
0.8098836664355396
0.8182928095959601
0.8267383797755599
0.8352201287066652
0.8437378073407504
0.8522911646659235
0.8608799486720977
0.8695039060070234
0.8781627820014534
0.88685632073812
0.8955842654310816
0.9043463579110029
0.9131423391726269
0.921971949298145
0.9308349270876339
0.9397310109251472
0.948659938038483
0.9576214451467958
0.9666152679722083
0.9756411419064421
0.9846988015019595
0.9937879807813221
1.0029084133906285
1.0120598324024228
1.021241970577285
1.0304545604096866
1.0396973338511046
1.04897002286549
1.058272359100873
1.067604074113414
1.0769648994533
1.0863545665079133
1.095772806726369
1.1052193517086173
1.1146939330612837
1.1241962826085203
1.1337261324168795
1.1432832148180825
1.152867262428625
1.1624780082685566
1.1721151856618093
1.1817785285393412
1.1914677712657231
1.2011826486689645
1.210922896384678
1.220688250422182
1.2304784476636688
1.2402932256817571
1.2501323226942467
1.2599954777627846
1.2698824311589048
1.2797929233427086
1.2897266963704654
1.2996834927659817
1.3096630567343417
1.3196651322133242
1.3296894658157636
1.3397358040351648
1.349803895249018
1.3598934887003464
1.370004334876943
1.3801361854610223
1.3902887935464958
1.4004619134579868
1.4106553008394815
1.4208687126735529
1.4311019075331348
1.4413546454548487
1.4516266872039068
1.461917796053905
1.4722277360470268
1.4825562730499982
1.4929031745870232
1.503268209118475
1.5136511475994894
1.5240517618408838
1.5344698256550455
1.5449051146187263
1.5553574055802706
1.5658264775032167
1.5763121106162945
1.5868140873145804
1.597332191214676
1.6078662083099176
1.6184159257170916
1.62898113267083
1.6395616203734786
1.6501571814233098
1.6607676103528286
1.6713927034980987
1.6820322591717565
1.6926860774058112
1.7033539599005183
1.7140357108234525
1.7247311353563304
1.7354400411575857
1.746162237202863
1.7568975351215086
1.7676457474623632
1.7784066894440058
1.789180177849713
1.799966031101229
1.8107640700713818
1.8215741167410218
1.8323959958100426
1.8432295331237498
1.8540745568350316
1.8649308968987162
1.8757983850367923
1.8866768547580683
1.8975661417632514
1.9084660832315132
1.9193765184343181
1.9302972885670957
1.941228236222343
1.95216920638848
1.9631200454640272
1.974080601688556
1.9850507259420833
1.99603026954636
2.007019086511737
2.018017032371764
2.029023964589298
2.040039742245037
2.0510642262805714
2.0620972794793997
2.073138766062984
2.084188552283262
2.095246505956869
2.1063124966604043
2.1173863957595565
2.128468076151664
2.1395574124604293
2.1506542810690252
2.161758559879768
2.172870128491858
2.1839888681601054
2.195114661751921
2.2062473937015534
2.217386950079835
2.228533218411015
2.239686087956632
2.2508454494478536
2.262011195054915
2.2731832187174734
2.28436141558166
2.295545682509231
2.3067359178047657
2.3179320211025667
2.3291338935321537
2.3403414380719423
2.3515545583309136
2.3627731600870865
2.373997149949016
2.3852264366700497
2.3964609288979966
2.407700538429833
2.418945177016018
2.430194758555829
2.441449197902803
2.4527084112382465
2.463972315964535
2.475240830897028
2.486513876013936
2.4977913725074905
2.5090732427587756
2.520359410569884
2.5316498009783457
2.5429443394056217
2.554242953573082
2.5655455715461537
2.5768521228548225
2.5881625382683264
2.599476748974768
2.6107946882314916
2.622116289558992
2.633441487940364
2.6447702195331466
2.6561024211000746
2.66743803089227
2.6787769876961716
2.690119231778704
2.701464703836196
2.7128133462130517
2.7241651015222583
2.7355199136909802
2.7468777277715755
2.7582384893030065
2.7696021448656936
2.7809686419180992
2.7923379289595793
2.8037099552339866
2.815084670760559
2.826462026641906
2.837841974575101
2.8492244671943614
2.860609457643856
2.871996900577562
2.883386750452722
2.8947789633425773
2.9061734957505276
2.9175703046768686
2.928969348465392
2.9403705853734627
2.9517739752612386
2.963179477924986
2.9745870543086967
2.98599666596557
2.997408275013358
3.0088218441483705
3.020237337064661
3.031654717696739
3.0430739508628952
3.054495002080585
3.0659178370125604
3.0773424225079142
3.0887687255688117
3.1001967141055977
3.111626356234869
3.12305762105227
3.134490477908306
3.1459248967263638
3.157360848119229
3.1687983030660702
3.1802372331662836
3.191677610621163
3.203119407817229
3.214562597943158
3.2260071545098006
3.2374530515558844
3.248900263681625
3.260348765786595
3.2717985332755695
3.2832495420972334
3.294701768501159
3.306155189226699
3.317609781465967
3.329065522825432
3.3405223912850515
3.351980365276588
3.363439423501949
3.374899545232118
3.386360710039096
3.3978228977721634
3.4092860889046754
3.4207502639640848
3.432215404062543
3.443681490625132
3.4551485052825637