-0.000023722147251883993
-0.000023722147234650207
-0.00002372214720416582
-0.00002372214715066798
-0.00002372214705849571
-0.000023722146900980564
-0.000023722146634651335
-0.00002372214619029518
-0.000023722145457256843
-0.000023722144261175828
-0.00002372214233035014
-0.000023722139246683863
-0.000023722134373354255
-0.000023722126748123547
-0.000023722114936881374
-0.00002372209681696718
-0.000023722069281137052
-0.00002372202782331414
-0.00002372196596644761
-0.000023721874487357743
-0.00002372174036538563
-0.000023721545378663954
-0.000023721264238824166
-0.000023720862139704923
-0.00002372029156234348
-0.00002371948813132753
-0.000023718365315768994
-0.000023716807674335352
-0.000023714662306207175
-0.000023711728173698406
-0.00002370774278273751
-0.000023702365738608708
-0.000023695158573621745
-0.000023685560200857183
-0.00002367285722818099
-0.000023656148195247566
-0.00002363430099234103
-0.000023605902513653193
-0.000023569198763090335
-0.000023522025454980706
-0.000023461726751974574
-0.000023385061233657424
-0.00002328809429703769
-0.000023166074176311904
-0.00002301329175266955
-0.000022822921893064315
-0.0000225868443418727
-0.000022295445057212535
-0.000021937392645699344
-0.000021499393758584575
-0.000020965920807547554
-0.00002031891842673319
-0.000019537476990435457
-0.000018597482126173662
-0.000017471241992008303
-0.000016127072906285945
-0.000014528874119915218
-0.000012635656547483077
-0.000010401066779540613
-7.772866721421297e-6
-4.692383973480778e-6
-1.0939716088424822e-6
3.095588120314811e-6
7.95769786568916e-6
0.000013582535977656439
0.000020069723717288474
0.000027528949875833857
0.00003608062623680364
0.00004585656019624153
0.000057000607375119745
0.0000696693144274344
0.00008403261050926303
0.00010027441649296168
0.00011859327772227842
0.00013920296634985224
0.00016233315250871528
0.0001882298085875951
0.0002171559138586411
0.00024939183960044387
0.00028523586434734614
0.00032500462298619295
0.00036903346033302376
0.0004176767207252667
0.0004713081481739219
0.0005303210192494433
0.0005951284609458323
0.0006661635072457907
0.0007438791072042436
0.0008287483530650383
0.0009212641973226539
0.0010219395799803731
0.0011313073450069664
0.0012499195980245788
0.0013783480712826481
0.0015171832970233051
0.0016670345967309424
0.0018285294249782832
0.0020023130814185806
0.0021890481681892684
0.002389413802317278
0.0026041054887094824
0.0028338339802716876
0.0030793250046960985
0.00334131819143331
0.0036205665520979897
0.003917835635757888
0.0042339030070425165
0.004569556739642378
0.004925595318800643
0.005302826326751291
0.005702065574521907
0.006124136518753223
0.006569869125521413
0.0070400988315117655
0.007535666117141548
0.008057415176065877
0.008606193182133516
0.009182849241626906
0.009788233681389003
0.010423197189605974
0.011088589779342345
0.011785260309526103
0.012514054898512744
0.01327581684333256
0.01407138583950674
0.014901596385527894
0.015767278006147377
0.016669253890188144
0.01760834034841532
0.01858534631006526
0.019601072405617034
0.020656310730438276
0.021751843736220716
0.022888443803623204
0.024066872850081914
0.0252878822116418
0.026552210865351845
0.027860586786523728
0.02921372446302722
0.03061232657357853
0.03205708174974472
0.033548665833804364
0.03508774040137525
0.03667495280170718
0.03831093623176054
0.03999630904867623
0.04173167460847325
0.043517621654441195
0.04535472286083499
0.04724353630961839
0.04918460432095365
0.05117845334914077
0.05322559416033859
0.05532652229578804
0.057481716634289186
0.0596916409529013
0.061956742767591125
0.06427745353726659
0.06665418942171653
0.06908735066807427
0.07157732154325905
0.0741244705400266
0.07672915085480257
0.07939170058479293
0.08211244127556379
0.08489168030098453
0.0877297093965659
0.09062680483375839
0.09358322894113254
0.09659922861948858
0.09967503656676018
0.10281087032434427
0.10600693400572309
0.10926341731468717
0.11258049616446615
0.11595833221616497
0.11939707425296456
0.12289685741639014
0.12645780374867432
0.13008002218978312
0.1337636088173251
0.13750864782652975
0.14131521018699128
0.1451833550947903
0.14911313010750768
0.15310457027010924
0.1571576999586877
0.1612725314666085
0.16544906653179628
0.16968729562458132
0.17398719843789695
0.1783487443364934
0.18277189253268972
0.18725659177368464
0.19180278116962493
0.1964103898273604
0.20107933760552643
0.20580953514232284
0.21060088342309272
0.21545327509131892
0.2203665937268221
0.22534071442252407
0.23037550409448285
0.23547082112720422
0.24062651625357084
0.24584243213632903
0.2511184041597015
0.25645425955752177
0.2618498191273945
0.2673048958968355
0.2728192963464804
0.2783928200108639
0.2840252598295565
0.2897164022639537
0.295466027562167
0.3012739097989962
0.3071398170641194
0.3130635116097707
0.31904475013293104
0.3250832838381185
0.3311788581319903
0.33733121380522174
0.3435400861319239
0.3498052056229973
0.35612629805472906
0.36250308415248833
0.3689352806596623
0.37542259946292555
0.3819647484084383
0.38856143128045284
0.39521234760474305
0.40191719329735154
0.40867566023751717
0.41548743695752016
0.4223522081444691
0.42926965550099744
0.43623945703625455
0.44326128782421725
0.4503348200161088
0.45745972256461276
0.4646356616856689
0.4718623008756682
0.4791393011327088
0.4864663208839838
0.4938430161174442
0.501269040694616
0.5087440461449183
0.5162676819981148
0.5238395956106054
0.5314594329380271
0.5391268375037394
0.5468414517153329
0.5546029161751943
0.5624108698223393
0.5702649506138152
0.5781647946430891
0.5861100374040428
0.594100312732823
0.6021352537487293
0.6102144925737764
0.6183376603942325
0.6265043875618088
0.6347143039858251
0.6429670386838497
0.6512622203292942
0.6595994772116797
0.6679784369176449
0.676398727178199
0.6848599751972114
0.6933618082909484
0.7019038534508398
0.7104857380005598
0.7191070891364237
0.727767534243362
0.7364667010626854
0.7452042175246159
0.7539797120170348
0.762792813448027
0.7716431509982922
0.7805303546690695
0.789454054983606
0.798413883216495
0.8074094714902955
0.8164404526378808
0.825506460430457
0.834607129675119
0.8437420960866537
0.8529109965007333
0.8621134689073674
0.8713491524815358
0.8806176876101225
0.8899187160139869
0.899251880658169
0.9086168260514161
0.9180131980838483
0.9274406440604983
0.9368988130396079
0.9463873554152639
0.9559059234052424
0.9654541708767009
0.9750317533041782
0.9846383279644976
0.9942735542948997
1.0039370928986247
1.0136286069168088
1.0233477609292436
1.0330942221364436
1.0428676584569747
1.0526677414005148
1.0624941433356159
1.0723465394457958
1.0822246067315695
1.0921280243785774
1.102056473705304
1.1120096383727145
1.1219872042033867
1.1319888592644651
1.1420142938823339
1.152063200885435
1.1621352754755059
1.1722302145001813
1.1823477181966024
1.1924874884765708
1.202649229958745
1.2128326497977666
1.2230374569751132
1.2332633638104091
1.2435100843632136
1.253777335539023
1.2640648368554661
1.274372309948694
1.284699479398153
1.2950460718813313
1.3054118170555462
1.3157964466183345
1.3261996954403874
1.3366213003206797
1.3470610009607522
1.3575185398090885
1.3679936614882393
1.3784861133188773
1.388995645182808
1.3995220096861982
1.4100649618971972
1.4206242593845084
1.4311996625134045
1.441790934000775
1.4523978392417458
1.463020145918755
1.473657624941317
1.4843100488589096
1.4949771935590999
1.5056588371643183
1.5163547600964706
1.5270647458745097
1.5377885797742266
1.5485260504179135
1.5592769482050892
1.5700410664572457
1.580818200908009
1.591608149660359
1.602410713197911
1.613225694779064
1.6240528997204233
1.6348921359983193
1.6457432140736825
1.6566059463604563
1.6674801482101695
1.678365636924404
1.6892622324675317
1.7001697567917469
1.7110880345673636
1.7220168924848798
1.7329561595506862
1.7439056671909083
1.754865248934065
1.7658347406453485
1.776813980500385
1.7878028085758764
1.7988010674319415
1.8098086016413664
1.8208252579767812
1.8318508854325881
1.842885334961639
1.8539284596621235
1.8649801148036822
1.8760401575812713
1.887108447285418
1.8981848452544714
1.9092692148251715
1.9203614212805367
1.9314613319129104
1.9425688158350793
1.953683744256853
1.9648059902121413
1.9759354285223114
1.9870719361194198
1.998215391479086
2.0093656751221047
2.0205226693366813
2.03168625805989
2.042856327036979
2.054032764168478
2.065215458289743
2.076404300699691
2.087599183820586
2.098800002503525
2.110006651778614
2.121219030096312
2.1324370361346463
2.143660570984141
2.15488953695122
2.166123837925953
2.1773633792707963
2.188608068007391
2.19985781256233
2.2111125228136337
2.222372110061129
2.233636487253729
2.2449055687998882
2.2561792697133716
2.267457507521436
2.2787402003084494
2.2900272678302533
2.301318631285266
2.3126142124915012
2.3239139355303045
2.3352177249394246
2.3465255069067323
2.357837208978867
2.369152759489207
2.380472088436153
2.391795126527957
2.4031218061230732
2.4144520601771617
2.4257858234567604
2.4371230311583725
2.448463619949444
2.4598075277765132
2.4711546932242916
2.4825050560667705
2.493858557101026
2.505215138306941
2.516574742548265
2.527937313600623
2.5393027964563992
2.5506711368336092
2.562042281515547
2.5734161779213784
2.5847927751024504
2.596172022034856
2.6075538694279494
2.618938268537201
2.6303251712284474
2.6417145308214076
2.6531063006586892
2.664500435791278
2.675896891311189
2.6872956235596632
2.6986965895871324
2.7100997471064483
2.7215050545048287
2.7329124712607733
2.7443219571851727
2.755733473062505
2.7671469804642843
2.7785624411937455
2.78997981832438
2.801399075165553
2.812820176015383
2.8242430854575296
2.835667769131844
2.8470941930089593
2.8585223237065125
2.8699521286040235
2.8813835755184907
2.892816632956591
2.9042512700948735
2.9156874563618396
2.927125162053125
2.9385643578503675
2.950005015025437
2.961447105472681
2.972890601445611
2.9843354757613514
2.9957817018380766
3.007229253450858
3.018678104919261
3.030128231069163
3.0415796071931904
3.0530322090087445
3.064486012735166
3.0759409949110545
3.087397132692023
3.098854403581687
3.1103127854069217
3.121772256663521
3.1332327959454442
3.144694382474275
3.156156995826605
3.16762061582584