-0.000016172068552071975
-0.00001617206855200047
-0.000016172068551969958
-0.000016172068551809032
-0.00001617206855189897
-0.000016172068552051785
-0.00001617206855192922
-0.00001617206855186572
-0.00001617206855191281
-0.000016172068552064504
-0.0000161720685520512
-0.000016172068551969924
-0.00001617206855219939
-0.000016172068551819095
-0.000016172068552000208
-0.000016172068552025005
-0.00001617206855194787
-0.000016172068552104552
-0.00001617206855192344
-0.000016172068552021864
-0.000016172068552000435
-0.00001617206855207377
-0.000016172068551989975
-0.000016172068552103105
-0.000016172068552041123
-0.000016172068551957846
-0.00001617206855225958
-0.000016172068551921972
-0.000016172068552127954
-0.000016172068552362043
-0.000016172068552172592
-0.000016172068552033045
-0.000016172068552109868
-0.00001617206855208709
-0.0000161720685522099
-0.00001617206855200109
-0.000016172068552027868
-0.000016172068552133957
-0.000016172068552271106
-0.00001617206855218255
-0.000016172068552252484
-0.000016172068552196353
-0.000016172068552090023
-0.000016172068552310584
-0.00001617206855222013
-0.000016172068552224963
-0.00001617206855227887
-0.000016172068552310482
-0.0000161720685521293
-0.00001617206855231728
-0.000016172068552332224
-0.000016172068552097305
-0.00001617206855221285
-0.00001617206855205151
-0.00001617206855146941
-0.000016172068551087472
-0.000016172068549934487
-0.000016172068547923655
-0.000016172068544037173
-0.000016172068536357494
-0.00001617206852281239
-0.00001617206849796724
-0.00001617206845410271
-0.00001617206837711655
-0.000016172068243603623
-0.00001617206801459792
-0.00001617206762727152
-0.00001617206697950735
-0.000016172065908170117
-0.000016172064156455952
-0.000016172061323431363
-0.000016172056790330516
-0.000016172049611782016
-0.000016172038359840817
-0.000016172020898387994
-0.00001617199406308946
-0.000016171953213713922
-0.000016171891607961607
-0.000016171799542082384
-0.00001617166317366117
-0.000016171462933114414
-0.000016171171393231172
-0.00001617075043671309
-0.000016170147530222982
-0.00001616929085453248
-0.000016168082997572626
-0.000016166392855695234
-0.000016164045312066084
-0.00001616080817846937
-0.00001615637582499188
-0.000016150348770601232
-0.00001614220845129933
-0.000016131286291940027
-0.0000161167259177502
-0.00001609743751547231
-0.000016072042868767555
-0.000016038809785473606
-0.000015995574226653113
-0.000015939648515299897
-0.00001586771387717541
-0.000015775695057865678
-0.000015658615555886382
-0.000015510430687502906
-0.000015323837013694515
-0.000015090055290252158
-0.000014798585174720586
-0.000014436928993022717
-0.000013990283870415143
-0.000013441197622172633
-0.00001276918940647874
-0.000011950331742782346
-0.000010956792112174304
-9.756334617135249e-6
-8.311779952018129e-6
-6.580421114672929e-6
-4.513399089030914e-6
-2.0550345463773375e-6
8.578809155421015e-7
4.2968355001447e-6
8.342386518060907e-6
0.000013084985333971715
0.000018625840446682425
0.00002507780344921862
0.00003256629398834125
0.000041230244720292475
0.00005122305571378692
0.00006271358273731197
0.00007588711793892694
0.00009094638312278264
0.00010811252303935061
0.0001276260841554671
0.00014974799156088382
0.00017476048900375924
0.0002029680639984164
0.00023469834225529456
0.00027030295293141703
0.00031015829988612504
0.0003546663731415985
0.0004042553847334505
0.0004593804789055054
0.0005205242377644085
0.0005881972456445724
0.0006629384688256797
0.0007453156137351874
0.0008359254091169201
0.0009353937621786405
0.0010443758496558784
0.001163556156355935
0.0012936483009427634
0.0014353949627116988
0.0015895675404311025
0.001756965782980411
0.001938417352937296
0.0021347773339367195
0.0023469274732739933
0.0025757756140872396
0.002822254789557919
0.0030873223598777665
0.0033719591459311802
0.0036771683388935337
0.0040039743923579564
0.004353421883916317
0.00472657436157711
0.005124513107434059
0.0055483355940890485
0.005999154470811763
0.006478095936512621
0.006986298310010024
0.00752491082262963
0.008095091865485559
0.008698007692053969
0.009334830702338056
0.010006738245123395
0.010714910885321225
0.011460530989019644
0.012244781079436683
0.013068842621806949
0.013933894340376512
0.014841110849402372
0.015791661177868926
0.016786707378254728
0.017827403375697715
0.018914893214056587
0.020050310096998356
0.0212347751242118
0.02246939574939919
0.023755265103079598
0.025093460366114484
0.026485042104238955
0.027931052940941493
0.02943251666029582
0.030990437358925236
0.032605798559818114
0.034279562192168024
0.03601266803786778
0.03780603279065178
0.03966054959011895
0.041577087336863425
0.0435564898592576
0.04559957584260843
0.047707137982136695
0.04987994271497508
0.052118729900017265
0.054424212248368645
0.056797075348806535
0.0592379771591945
0.06174754809530604
0.0643263903812887
0.06697507867391883
0.06969415926725646
0.07248415057213135
0.07534554284237725
0.07827879830610297
0.08128435121602551
0.08436260801152648
0.08751394739481587
0.09073872051491799
0.09403725115981769
0.09740983605264995
0.10085674505385592
0.10437822117075787
0.10797448144669408
0.1116457166763149
0.11539209209393486
0.11921374766543757
0.12311079818197079
0.12708333421287313
0.13113142189129703
0.13525510374671712
0.13945439904090645
0.14372930399703032
0.14807979257884904
0.1525058165911195
0.15700730651036385
0.16158417154812782
0.1662363006171972
0.1709635622604243
0.17576580556374244
0.18064286057947973
0.18559453854774952
0.19062063262698017
0.1957209183227349
0.2008951540605003
0.20614308155140734
0.211464426300271
0.21685889824602117
0.22232619202678983
0.22786598763176202
0.23347795068142643
0.23916173340554603
0.24491697427885692
0.25074329940052636
0.2566403223750741
0.26260764480489474
0.2686448571958574
0.27475153866208885
0.2809272582729779
0.2871715746054382
0.29348403683654306
0.29986418488488814
0.30631154980927267
0.31282565423270353
0.31940601299461924
0.3260521331247552
0.33276351460713793
0.3395396506698184
0.34638002783697225
0.3532841269243447
0.3602514227912917
0.3672813851568608
0.3743734785251363
0.38152716300766004
0.3887418942145392
0.39601712378130416
0.40335229976877207
0.41074686677391825
0.4182002664010128
0.4257119375538825
0.43328131645591267
0.4409078373420344
0.44859093242275433
0.45633003229242486
0.46412456621893244
0.4719739622239605
0.4798776474731614
0.487835048548852
0.4958455915193307
0.503908702299996
0.5120238068525249
0.5201903313755819
0.5284077024863846
0.536675347481172
0.5449926944022702
0.5533591724462908
0.561774211956385
0.5702372445827498
0.5787477037126088
0.5873050242167308
0.595908643004654
0.6045579989801995
0.6132525331100965
0.6219916887029926
0.6307749118348821
0.6396016505368234
0.648471356136864
0.6573834823397606
0.6663374863944733
0.6753328274234818
0.6843689691380874
0.6934453773959279
0.7025615220696823
0.7117168761906131
0.7209109163483622
0.7301431226994471
0.7394129792160303
0.7487199735686985
0.7580635972511345
0.7674433456385044
0.7768587182569109
0.7863092187030116
0.7957943539969154
0.8053136362533184
0.8148665811028553
0.8244527086911436
0.834071543546309
0.843722613931517
0.8534054532990784
0.8631195987965615
0.8728645923330463
0.8826399803749628
0.8924453134914362
0.9022801471508947
0.912144040928065
0.9220365593531441
0.9319572710236843
0.9419057496923386
0.9518815730823684
0.9618843238219988
0.9719135892986461
0.981968961110211
0.9920500355664489
1.0021564135560173
1.0122877006054969
1.0224435070987627
1.0326234473574878
1.0428271408716137
1.0530542113879062
1.0633042873118599
1.0735770013213806
1.0838719912658705
1.094188898620555
1.104527370118564
1.1148870566714646
1.1252676134184532
1.1356687004873165
1.1460899816797177
1.1565311260008482
1.166991806119813
1.1774716994670558
1.1879704877230775
1.1984878567603672
1.2090234966375684
1.2195771019670825
1.230148371198846
1.2407370071895238
1.2513427170140412
1.261965211427653
1.2726042058099962
1.2832594191809426
1.2939305748789627
1.3046173998813877
1.31531962550049
1.326036986680494
1.3367692222677203
1.347516075093088
1.3582772916411565
1.3690526222603352
1.3798418211175718
1.3906446457762585
1.4014608577486918
1.412290222013628
1.4231325071804581
1.433987485491129
1.4448549325411721
1.4557346274438947
1.4666263528365615
1.4775298946182662
1.488445042098134
1.49937158792887
1.5103093280386684
1.5212580615605178
1.5322175908752727
1.5431877214061136
1.554168261872752
1.5651590240031537
1.5761598224785645
1.5871704752345008
1.5981908028817695
1.6092206291841435
1.6202597807657093
1.6313080869755934
1.6423653800277924
1.653431495327383
1.6645062702447686
1.6755895456120766
1.6866811643789383
1.6977809728888908
1.708888818633258
1.720004553446931
1.7311280303276297
1.742259105585599
1.7533976376413962
1.76454348737471
1.775696517998453
1.7868565952287734
1.7980235870176544
1.809197363584036
1.820377797369627
1.8315647632500591
1.8427581383077944
1.8539578010923834
1.8651636332558152
1.876375517841509
1.887593340254674
1.8988169880462462
1.9100463500815703
1.921281318161378
1.9325217852127134
1.9437676464630622
1.9550187991383827
1.9662751418818862
1.9775365756155965
1.9888030025783217
2.000074327249546
2.0113504552901986
2.022631294739145
2.0339167546277572
2.045206746005025
2.0565011817359795
2.0677999758530077
2.0791030440940896
2.090410303727125
2.101721673698989
2.113037074327936
2.1243564273217537
2.135679656071959
2.1470066851551706
2.1583374406622573
2.1696718497614156
2.1810098416821377
2.1923513460049233
2.2036962944550678
2.215044619711118
2.226396255460561
2.237751137232599
2.2491092009635913
2.2604703846704384
2.271834626777278
2.283201867317442
2.2945720473843862
2.305945109078565
2.3173209955121954
2.3286996512173044
2.3400810213852044
2.3514650524943916
2.3628516921212204
2.374240888378542
2.385632590945473
2.3970267500291853
2.4084233171099667
2.419822244233562
2.4312234847742977
2.4426269998934065
2.4540327229091536
2.4654406312854995
2.4768506744233756
2.488262809846841
2.4996769959901615
2.5110931917755166
2.522511357222084
2.5339314529608346
2.545353440433605
2.556777281920578
2.5682029402727777
2.5796303791116517
2.5910595628620263
2.602490456503978
2.613923025755883
2.625357237032128
2.636793057399521
2.648230454531369
2.6596693967806107
2.6711098529935433
2.682551792803423
2.693995186358127
2.705440004291811
2.716886218066637
2.728333799399222
2.7397827207860956
2.75123295522809
2.7626844761189973