0.0002670696545469389
0.0002878131245537739
0.00031076266199136897
0.000336100892816197
0.0003640201164951402
0.00039472293902187894
0.00042842192780126015
0.00046534045251386575
0.0005057115465518638
0.0005497794651933139
0.0005977980683267469
0.0006500323468225002
0.0007067568562827973
0.0007682574393535228
0.0008348292428735837
0.0009067776822126437
0.0009844188279828818
0.001068077370678359
0.0011580882306744143
0.0012547959412948742
0.0013585535582341256
0.0014697231447867588
0.001588675505313573
0.001715789893577502
0.0018514526461021546
0.001996059176638742
0.002150011244873505
0.002313717137857147
0.002487593225326384
0.0026720608604630025
0.002867547457518905
0.0030744860939015428
0.003293315094847249
0.003524477118880334
0.003768418635384084
0.004025590923642766
0.004296448690146616
0.004581447953668472
0.004881049771693185
0.0051957160975919375
0.005525910865815909
0.005872100128714786
0.0062347498169964075
0.00661432762577564
0.0070113013842150315
0.007426138558853794
0.00785930708384571
0.008311272944940037
0.008782502368277845
0.009273459377981364
0.009784607420395997
0.010316406105076514
0.010869314312649892
0.011443789141465563
0.012040282491492018
0.012659245875108128
0.013301125502953794
0.013966366492947668
0.014655407817779447
0.015368685004636468
0.016106632237736198
0.01686967633365593
0.017658240378142037
0.018472745080359523
0.019313603406152246
0.020181226081790744
0.02107601789122877
0.02199837815098142
0.022948702096520127
0.023927379689690807
0.024934794384247908
0.02597132630972721
0.027037349299581123
0.028133231424474495
0.029259334645442784
0.03041601898975301
0.03160363409827973
0.03282252791205265
0.03407304090802018
0.03535550847319815
0.03667026147949995
0.038017625023614644
0.03939791715152286
0.04081145217026574
0.04225853753602413
0.04373947716280646
0.04525456921394521
0.04680410480650784
0.04838837222168395
0.05000765192557395
0.0516622207636314
0.05335235246128834
0.05507831081897293
0.0568403593416127
0.05863875351092292
0.060473745812802016
0.06234558256816015
0.0642545061959287
0.06620075473971697
0.06818455961258445
0.07020615047775598
0.07226575029021595
0.07436357923796187
0.07649985157365635
0.07867477774201709
0.08088856383890035
0.08314141365340894
0.0854335237901147
0.08776508914126076
0.09013629971118042
0.09254734089643087
0.0949983954103917
0.09748964180806648
0.1000212538761402
0.10259340329867261
0.10520625733567406
0.10785997980029877
0.1105547303833715
0.11329066557563713
0.11606793874667391
0.11888669942441771
0.12174709490788357
0.12464926719183789
0.12759335609735653
0.13057949921890002
0.13360782887313868
0.13667847583566042
0.1397915670087689
0.1429472260938117
0.14614557420784816
0.14938672902524702
0.15267080605760458
0.1559979170538456
0.15936817054133776
0.1627816723154953
0.1662385265534013
0.16973883216093055
0.17328268791479867
0.17687018680281963
0.18050142168996586
0.18417648037005083
0.18789544976455907
0.19165841294792665
0.19546545005222515
0.19931663908921193
0.20321205488039115
0.20715176922835127
0.21113585223160067
0.21516436940330763
0.21923738529917314
0.22335496117672426
0.2275171550398392
0.2317240222101326
0.23597561637859255
0.24027198676431882
0.2446131813318557
0.2489992444687194
0.25343021741046184
0.25790613963541414
0.2624270475875596
0.26699297446817044
0.2716039505094848
0.27626000368644443
0.28096115986153863
0.28570744003912635
0.2904988643619366
0.2953354492955737
0.30021720773768845
0.3051441513359328
0.3101162877132641
0.3151336222541696
0.3201961562688088
0.325303889523026
0.33045681834064805
0.33565493630518717
0.34089823324393936
0.34618669707176736
0.35152031228482067
0.35689906049423237
0.3623229201140155
0.36779186642011236
0.37330587268820037
0.3788649078945746
0.38446893855918807
0.39011792861390887
0.39581183784250595
0.4015506242239136
0.4073342416098775
0.4131626415932566
0.41903577220519184
0.42495357831661174
0.4309160019685268
0.4369229823207873
0.4429744549480603
0.44907035268938794
0.4552106048816437
0.46139513810438576
0.4676238759701607
0.47389673818008726
0.4802136422369749
0.486574502003421
0.49297922833379465
0.4994277292069776
0.5059199090373783
0.5124556695718409
0.5190349091294475
0.5256575233829575
0.5323234040483725
0.5390324408233662
0.5457845195118871
0.5525795233476526
0.5594173323001462
0.5662978233175221
0.5732208702827449
0.5801863441538965
0.5871941128342594
0.5942440412273211
0.6013359912460507
0.6084698219860593
0.6156453896386634
0.6228625469747107
0.6301211445948226
0.6374210297131037
0.6447620469045754
0.652144037996192
0.6595668415630738
0.6670302940428605
0.6745342285879291
0.6820784758895868
0.6896628640291981
0.6972872181351221
0.7049513610139402
0.7126551125497883
0.7203982903850342
0.7281807092480989
0.7360021818298247
0.7438625178814312
0.7517615249777198
0.7596990084367841
0.7676747709207142
0.7756886128686616
0.783740332431563
0.7918297256373721
0.799956586231377
0.8081207057473081
0.816321873780105
0.8245598776871383
0.8328345028870701
0.8411455326026505
0.8494927486447512
0.8578759302191702
0.8662948553095141
0.8747492998639171
0.8832390378961936
0.8917638421732518
0.9003234832054926
0.9089177305687282
0.9175463517093364
0.9262091129168728
0.9349057789756754
0.9436361131891141
0.9523998774481032
0.9611968326124415
0.9700267379909859
0.9788893518925946
0.9877844315479716
0.9967117327366549
1.0056710106587976
1.014662019188877
1.023684511527374
1.0327382397084828
1.0418229552708136
1.0509384087447198
1.0600843499634072
1.0692605282170249
1.0784666920541135
1.0877025895446388
1.096967968325951
1.1062625753242614
1.1155861573132755
1.124938460583948
1.1343192311698638
1.1437282149336814
1.1531651574096633
1.1626298040295968
1.172121900212568
1.1816411912203924
1.1911874223698338
1.2007603390579562
1.2103596867853694
1.219985211176486
1.2296366580991533
1.239313773565216
1.2490163040354347
1.2587439962459375
1.2684965972388218
1.2782738547083115
1.2880755165658715
1.2979013314420011
1.3077510485038226
1.3176244174104694
1.3275211885132825
1.337441113224208
1.3473839429902048
1.357349430709857
1.3673373295984705
1.3773473944083165
1.3873793794746514
1.3974330416680776
1.4075081375925766
1.4176044255958726
1.4277216647489939
1.4378596152276626
1.4480180382628693
1.4581966963597923
1.468395353117423
1.478613773318562
1.4888517229502205
1.499108969457121
1.5093852816158375
1.5196804287992156
1.5299941827613883
1.5403263158952074
1.550676602291766
1.5610448175742684
1.5714307381759285
1.5818341429034892
1.5922548112964363
1.6026925247753
1.613147066405948
1.6236182204069747
1.6341057729960975
1.6446095115398736
1.6551292254576988
1.6656647052766067
1.6762157437896936
1.6867821348020087
1.6973636741278566
1.7079601594416363
1.7185713897064592
1.72919716571455
1.7398372899576335
1.7504915668014536
1.7611598022287007
1.7718418037951489
1.782537381411418
1.7932463459239087
1.8039685105423375
1.814703689708197
1.8254517004195012
1.8362123605007705
1.8469854903557374
1.8577709118622225
1.8685684484472465
1.8793779259017402
1.8901991710372528
1.9010320132998788
1.9118762831961889
1.9227318134577847
1.9335984385363192
1.9444759945698697
1.955364319403796
1.966263252997339
1.9771726367106928
1.988092313920535
1.9990221298526714
2.0099619310558294
2.0209115664024644
2.0318708861032273
2.042839742141073
2.053817989063895
2.0648054818020944
2.075802077901362
2.0868076363658887
2.0978220180641283
2.1088450854181597
2.119876702647927
2.130916735753272
2.141965052110723
2.1530215210673953
2.164086013475901
2.1751584018907195
2.186238560598293
2.197326365360401
2.2084216936099343
2.2195244244849417
2.230634438589101
2.2417516181704666
2.2528758470810715
2.2640070107347867
2.275144996062407
2.28628969158231
2.2974409872180512
2.308598774583212
2.3197629467144605
2.3309333980417866
2.342110024719823
2.3532927240654518
2.3644813950680126
2.3756759381169705
2.3868762548898292
2.3980822485182642
2.4092938239427104
2.4205108866943355
2.4317333444347855
2.4429611056179295
2.4541940808052667
2.46543218041554
2.476675317981201
2.487923406952353
2.499176362893457
2.5104341022890444
2.5216965429179936
2.5329636037474272
2.5442352051253065
2.555511268530836
2.566791716626257
2.5780764732322634
2.5893654635608057
2.600658614030035
2.611955851413163
2.623257104755466
2.6345623034184946
2.6458713782013934
2.6571842611160608
2.6685008845671034
2.6798211830030847
2.6911450911105472
2.702472545014209
2.7138034819892294
2.7251378398923314
2.7364755580456244
2.747816576283825
2.75916083590004
2.770508278594952
2.7818588476961312
2.793212486778742
2.8045691407117275
2.8159287554692165
2.827291277492227
2.8386566542440104
2.8500248340470082
2.861395766246108
2.8727694009125706
2.8841456888753036
2.8955245820292577
2.9069060328467966
2.9182899947207797
2.92967642153766
2.9410652686778
2.9524564913090474
2.9638500462000175
2.9752458905344232
2.9866439819781414
2.9980442795262086
3.0094467420730355
3.0208513301020816
3.0322580040194236
3.0436667253655503
3.0550774562772283
3.0664901594430716
3.0779047981178205
3.0893213365418637
3.100739739183979
3.1121599713852075
3.123581999174308
3.135005788714125
3.1464313073429553
3.157858522541426
3.1692874026878917
3.1807179163566768
3.192150033091142
3.203583722679664
3.2150189554738895
3.2264557025054614
3.2378939351631892
3.2493336254470977
3.2607747459503003
3.272217269442486
3.2836611694870723
3.2951064199613707
3.306552995262496
3.3180008703411343
3.3294500204395843
3.3409004212977704
3.3523520491921195
3.3638048806926886
3.37525889285222
3.38671406316928
3.398170369549996
3.4096277902673404
3.421086304039592
3.4325458898488073
3.4440065272399125
3.455468196052754
3.466930876398509
3.478394549006613
3.4898591946548887
3.5013247947002966
3.5127913308072816
3.5242587848405713