0.0014785071209853509
0.0015992105854187068
0.001727583547766199
0.0018639557333130798
0.002008660375881658
0.0021620366357993207
0.002324426939401436
0.0024961803310389937
0.002677646460574307
0.002869182318395703
0.0030711446011432424
0.003283896146463715
0.0035077992284923668
0.003743222491458089
0.003990533158567059
0.0042501010884044375
0.004522300204556458
0.004807501581866387
0.005106079602523718
0.005418410089677485
0.005744867282491453
0.006085826064470225
0.006441661671671324
0.006812749392657156
0.007199461301769089
0.0076021727111334515
0.008021255054006261
0.008457077381576403
0.008910011219728878
0.009380423080058783
0.009868678220227868
0.010375140381918963
0.010900171520355694
0.011444130401622466
0.012007372252276258
0.012590251860224933
0.013193121084527746
0.013816325033907671
0.014460211074439023
0.0151251204357425
0.015811391409060915
0.016519360302354173
0.017249357548018054
0.018001712270044875
0.018776749612672044
0.019574790456298435
0.020396153640692083
0.02124115195985924
0.022110096904188078
0.023003294635871214
0.02392104952030137
0.024863658769405553
0.025831418546027975
0.026824622451755754
0.02784355609916445
0.028888505856194766
0.029959750834808997
0.031057570377067058
0.032182235998233
0.03333401628571586
0.03451318052252098
0.035719989288906295
0.03695470066866862
0.03821757255060504
0.03950885451554854
0.040828796627903896
0.04217764391374896
0.04355563734042974
0.04496301607500297
0.0464000158450413
0.04786686731177405
0.049363800866603226
0.05089104240299828
0.05244881424295926
0.05403733477325155
0.05565682439725979
0.05730749373012273
0.05898955586262226
0.06070321836405182
0.062448686649502046
0.0642261647783226
0.06603585375961947
0.06787794989750877
0.06975264925653961
0.0716601435150525
0.07360062435197434
0.07557428050802828
0.07758129612465918
0.07962185620543973
0.08169614015366725
0.08380432717335402
0.08594659682540244
0.08812312037702966
0.09033407297851287
0.09257962385623655
0.09485994260182656
0.09717519516548116
0.09952554663206621
0.10191116057329513
0.10433219624651209
0.10678881451684849
0.10928117174667826
0.1118094245400808
0.1143737258536639
0.11697422751878933
0.11961107953171414
0.12228443241913063
0.12499443138509024
0.1277412227557765
0.1305249501519797
0.1333457547780039
0.13620377761825472
0.1390991576454048
0.14203203106486997
0.14500253435121177
0.14801080148950124
0.15105696506310545
0.15414115541389103
0.15726350165259984
0.160424131688064
0.1636231713516448
0.16686074617378066
0.17013697784752865
0.17345198772651776
0.17680589669826857
0.1801988217061485
0.18363087989980367
0.1871021859674047
0.1906128528448805
0.19416299235434625
0.1977527142022759
0.20138212735268005
0.20505133821061983
0.2087604511831427
0.21250956917713062
0.21629879477514724
0.22012822618888897
0.22399796285430093
0.2279080992018835
0.23185873080733618
0.2358499489589371
0.2398818451914514
0.24395450801626234
0.2480680238737377
0.2522224779874105
0.2564179531744937
0.2606545300021376
0.26493228816953407
0.26925130338288134
0.2736116512218392
0.27801340459689156
0.2824566337737414
0.28694140695910486
0.29146779139311335
0.29603585029739726
0.30064564627678925
0.30529723882393106
0.30999068475173375
0.3147260396481155
0.31950335649933814
0.32432268545077525
0.32918407407779565
0.3340875681161503
0.33903321159201466
0.34402104391578125
0.34905110406872575
0.35412342762376775
0.35923804684748567
0.36439499311245294
0.3695942939732945
0.37483597502241556
0.3801200579568193
0.385446563206567
0.39081550793826436
0.39622690677432
0.4016807707229577
0.40717710908469307
0.4127159278722416
0.41829723035435207
0.4239210167206764
0.42958728413284836
0.4352960278920182
0.4410472390471471
0.4468409062946601
0.45267701583076647
0.4585555497306701
0.4644764883603276
0.4704398079699098
0.47644548261357034
0.48249348279760135
0.4885837758873377
0.4947163264395287
0.5008910961416723
0.5071080430813605
0.5133671226130465
0.5196682865640696
0.5260114839932497
0.5323966609441297
0.5388237595955216
0.5452927197635667
0.5518034776667136
0.5583559664440505
0.5649501163105188
0.5715858538473979
0.5782631029147713
0.5849817838698251
0.591741814360672
0.5985431079843573
0.605385576261199
0.6122691267170742
0.6191936642297623
0.6261590903174588
0.6331653033829485
0.6402121986655126
0.647299668380441
0.6544276015835596
0.661595884224194
0.6688043991516559
0.6760530262883628
0.6833416425385731
0.6906701212616503
0.6980383335392654
0.705446146937704
0.7128934262644632
0.7203800334545154
0.7279058270602474
0.7354706633742708
0.7430743952675338
0.7507168730208689
0.7583979441756618
0.7661174531793078
0.773875242026331
0.7816711496472616
0.789505012596757
0.7973766643713395
0.805285936294668
0.8132326566037483
0.8212166512194915
0.8292377436640366
0.8372957546560269
0.8453905025471791
0.8535218032551853
0.8616894704294928
0.8698933152890269
0.8781331466931069
0.88640877141584
0.8947199938437155
0.9030666162764196
0.9114484386666477
0.9198652594101085
0.9283168741415897
0.9368030771287988
0.9453236604516962
0.953878414104114
0.9624671266859395
0.9710895843854069
0.9797455723104805
0.9884348732848451
0.9971572688272656
1.0059125388003374
1.0147004614347066
1.0235208133978726
1.0323733701777964
1.041257905559585
1.0501741921798484
1.0591220014478944
1.0681011031705234
1.0771112664289326
1.0861522588281023
1.0952238471521851
1.1043257968697218
1.1134578728079634
1.1226198386376534
1.1318114571859927
1.1410324905916815
1.1502827001056204
1.159561846355505
1.168869689392263
1.1782059884105907
1.187570502310499
1.19696298936593
1.2063832074515575
1.2158309141299883
1.2253058664941028
1.2348078213943998
1.244336535529597
1.2538917653020274
1.2634732670312296
1.2730807969799498
1.2827141113780527
1.2923729664434362
1.3020571185028205
1.3117663238925046
1.3215003392650442
1.331258921415783
1.3410418273142946
1.3508488144523378
1.3606796404083712
1.3705340633516436
1.3804118418599889
1.3903127348759043
1.4002365019081338
1.410182903401514
1.420151699710838
1.4301426525201257
1.4401555237068362
1.450190076565802
1.4602460738511143
1.4703232807371422
1.4804214620102727
1.4905403840850533
1.5006798139823025
1.510839519712424
1.5210192702267196
1.5312188356377312
1.5414379870395727
1.551676496599014
1.561934137576938
1.5722106845833208
1.5825059134520878
1.5928196005053303
1.603151524342454
1.6135014640954937
1.623869200491644
1.634254515686844
1.6446571925492421
1.6550770162123107
1.6655137724506088
1.675967248817782
1.686437234416596
1.6969235194058263
1.7074258958490118
1.7179441568639087
1.7284780975288783
1.7390275139374247
1.7495922043592333
1.7601719679854593
1.7707666059283942
1.7813759210731044
1.7919997175065292
1.8026378010594235
1.8132899791777535
1.8239560610984182
1.8346358575936792
1.8453291810209271
1.8560358456327937
1.8667556671371681
1.8774884630384678
1.888234052252624
1.898992256068351
1.9097628965523483
1.9205457982773733
1.9313407872170587
1.9421476908221351
1.952966338836841
1.9637965619554334
1.9746381934386357
1.985491067538927
1.9963550206672696
2.0072298908886044
2.0181155178891776
2.0290117429983714
2.0399184095964626
2.050835362402502
2.0617624480905663
2.072699515123669
2.0836464132279953
2.0946029943952884
2.1055691118975695
2.1165446210152434
2.127529378367034
2.138523242655135
2.149526073972331
2.1605377341091994
2.171558086668133
2.1825869967535296
2.19362433121694
2.2046699586396885
2.215723748931287
2.226785573922801
2.23785530690346
2.2489328228176295
2.260017998295694
2.2711107113980953
2.282210841811953
2.2933182708858806
2.3044328813911017
2.3155545577009993
2.3266831857514396
2.3378186529993235
2.348960848379069
2.360109662371338
2.3712649868247926
2.3824267152393466
2.3935947425025423
2.4047689648562622
2.4159492802318208
2.4271355876872684
2.4383277879183463
2.44951364320971
2.4607173364186474
2.4719387721567783
2.4831535776653313
2.494373799830159
2.505599347476096
2.5168301307059795
2.528066061531236
2.539307051790657
2.5505530164136103
2.561803870201097
2.573059530056423
2.584319913779367
2.595584940423823
2.6068545302129107
2.6181286047247276
2.6294070866395924
2.640689899797418
2.6519769691766517
2.6632682211179297
2.6745635831462664
2.6858629831185756
2.697166351141483
2.7084736176156126
2.7197847143575404
2.731099574375342
2.7424181310488174
2.7537403197854116
2.765066076197138
2.776395337327779
2.7877280413523713
2.799064127001898
2.810403534456947
2.821746204410734
2.8330920789424154
2.8444411005759505
2.8557932134269506
2.8671483618417826
2.8785064914442464
2.8898675489472665
2.9012314815148614
2.9125982373178614
2.9239677653711715
2.9353400156973444
2.946714939030784
2.9580924868493166
2.9694726116682437
2.980855266625278
2.992240405677286
3.003627983320275
3.0150179555167473
3.026410278004039
3.0378049081080483
3.0492018035576924
3.060600922552239
3.072003569585305
3.08340701410847
3.09481256208221
3.106220174399603
3.117629813079995
3.1290414407278018
3.1404550204891013
3.1518705160661313
3.1632878921362377
3.1747057686213513
3.186126801233917
3.1975509564124214
3.2089755107670896
3.22040177700491
3.2318297229899087
3.2432593174754625
3.254690529402679
3.26612332867368
3.27755768542771
3.2889935703595743
3.300430954836556
3.311869810575693
3.3233101098980384
3.3347518257106628
3.346194931090281
3.3576393999005796
3.3690852063125143
3.3805323250103565
3.3919807312256203
3.403430400459435
3.4148813087676086
3.4263334326418335
3.4377867489247373
3.4492412349201698
3.4606968683722426
3.472153627427182
3.4836114905927418
3.4950704368167633
3.506530445305777
3.5179914958241962
3.5294535684264825
3.5409166434336505
3.5523807017803093
3.5638443794495633
3.5753103479852046
3.58677724424811
3.598246395285744