0.000052461057305492686
0.000052466524401210636
0.000052473807017789086
0.00005248344745103808
0.00005249613099250173
0.00005251271858127995
0.00005253428510273287
0.00005256216527230127
0.0000525980060096696
0.00005264382958806403
0.000052702103886918305
0.0000527758264937471
0.00005286861719734502
0.000052984828037109867
0.00005312966175044151
0.00005330931002445339
0.00005353110829228997
0.000053803700956009314
0.00005413723456269917
0.000054543565091640815
0.00005503648200135157
0.00005563195889692924
0.00005634842321292235
0.000057207047482865855
0.000058232053997552795
0.00005945106552821702
0.00006089544370327197
0.00006260066675901798
0.00006460674696834992
0.00006695861930570811
0.00006970659013062762
0.00007290679011251302
0.0000766216427015823
0.00008092033684585906
0.0000858793146432346
0.00009158280186574423
0.00009812330203536671
0.00010560206427375981
0.0001141297025720619
0.0001238266186900767
0.00013482354945934963
0.000147262093170356
0.00016129514005669247
0.00017708743596352852
0.00019481600745620173
0.00021467060172819695
0.00023685417172215352
0.0002615831778132117
0.0002890880950305545
0.000319613649340343
0.0003534192503494705
0.00039077908289156477
0.0004319825756693595
0.00047733458099443853
0.0005271552934928471
0.000581780784048255
0.0006415627065466771
0.0007068687428935883
0.0007780821579312793
0.0008556020219707535
0.000939843410325422
0.0010312366413265477
0.0011302275127004374
0.0012372773174767213
0.0013528619297256649
0.0014774722530127421
0.001611613428212499
0.0017558045347742643
0.0019105784274745525
0.0020764811509250956
0.002254071269537702
0.002443919942187006
0.0026466099105862777
0.0028627350425098736
0.003092899690750524
0.0033377189891527865
0.003597816501773578
0.003873825425248677
0.004166386728651533
0.004476149017776794
0.0048037680406161675
0.005149905732537058
0.005515229192217706
0.005900410860095022
0.006306127023078789
0.006733058047205809
0.007181887111754937
0.007653299121662433
0.008147981302143621
0.008666621021080012
0.009209906426710405
0.009778526038526525
0.01037316582558279
0.01099451182611865
0.01164324691523631
0.012320051965395248
0.01302560414202659
0.0137605771727407
0.014525640654575386
0.015321458631745895
0.016148691029254203
0.01700799119389322
0.017900007033334706
0.01882537925350279
0.01978474181903635
0.020778721324189453
0.02180793754616183
0.02287300086895152
0.023974514427363158
0.025113072337634858
0.02628925949739362
0.027503652237459292
0.028756817355504477
0.030049311544424234
0.03138168251935525
0.03275446764126977
0.034168194222626916
0.03562337899339422
0.03712052843305502
0.03866013868681825
0.04024269504760724
0.04186867275585186
0.043538535166421866
0.04525273543575718
0.047011716464520036
0.04881590905289849
0.050665734056488804
0.05256160098649239
0.05450390838705601
0.05649304421459096
0.05852938531841767
0.060613298261595214
0.06274513834388007
0.06492524996485642
0.06715396698151997
0.0694316135034131
0.07175850155121458
0.07413493451644163
0.07656120346955259
0.07903759103511131
0.08156436813665041
0.08414179694520595
0.08677012894072784
0.08944960562114179
0.09218045918586314
0.09496291189195497
0.09779717627603508
0.10068345621575786
0.10362194496186056
0.1066128278826763
0.10965628089085105
0.11275247058344434
0.11590155478083208
0.119103683445728
0.12235899667307533
0.1256676272349198
0.12902969895317457
0.13244532713525145
0.1359146197750121
0.1394376767012826
0.1430145895331411
0.1466454420108247
0.15033031068060762
0.1540692651438875
0.15786236599283815
0.16170966810906376
0.16561121854414568
0.16956705671131536
0.17357721638086687
0.17764172355186647
0.18176059801586134
0.18593385196465076
0.19016149218033496
0.19444351858797485
0.19877992494171304
0.20317069808207602
0.20761581958075676
0.2121152645869465
0.2166690023743175
0.22127699617629562
0.22593920333116196
0.23065557635085135
0.23542606105299088
0.2402505982244327
0.2451291236055951
0.2500615666314332
0.2550478525426455
0.26008790045992913
0.26518162508852716
0.27032893566609983
0.2755297363894258
0.28078392678254743
0.2860914017302885
0.2914520509301992
0.2968657597147086
0.3023324084424739
0.30785187322844537
0.31342402580529777
0.31904873285104035
0.32472585736902215
0.3304552576762603
0.33623678792140754
0.3420702982867882
0.34795563442293553
0.35389263831591244
0.35988114765327966
0.3659209965875909
0.37201201459345806
0.3781540282865598
0.3843468597599974
0.3905903278421038
0.3968842475074039
0.4032284301440111
0.40962268355694986
0.41606681214026114
0.4225606167984677
0.4291038950373392
0.4356964410113479
0.4423380457226553
0.44902849697762287
0.45576757894026665
0.46255507333335133
0.46939075833698474
0.4762744093191157
0.4832057987660333
0.49018469583946905
0.4972108674532387
0.5042840772232386
0.5114040862704379
0.5185706531086195
0.5257835333462142
0.5330424803081869
0.5403472444923377
0.5476975742377828
0.5550932151104747
0.5625339107575855
0.5700194020718039
0.5775494279376453
0.58512372517607
0.5927420281818165
0.6004040693602232
0.6081095790726325
0.615858285822676
0.6236499161151077
0.6314841945409378
0.6393608440548886
0.6472795857038112
0.6552401389281137
0.6632422213282865
0.6712855494332651
0.6793698375641909
0.6874947991792238
0.6956601461019359
0.7038655886296407
0.7121108362087927
0.7203955964694951
0.7287195765142788
0.7370824817714627
0.7454840169460457
0.7539238856913477
0.7624017906407474
0.770917433481985
0.7794705153354414
0.7880607362562566
0.7966877957767011
0.8053513928371245
0.814051225428598
0.8227869914480059
0.8315583879764509
0.8403651119197971
0.8492068595331924
0.8580833270803992
0.8669942103375196
0.8759392049006413
0.8849180063404117
0.8939303100112126
0.902975811311633
0.9120542057325103
0.9211651885865684
0.930308455558137
0.9394837023816724
0.9486906250645663
0.9579289199737242
0.9671982836823576
0.9764984131928974
0.9858290060263256
0.9951897600807935
1.0045803738408459
1.0140005464026227
1.0234499774970227
1.0329283675095393
1.0424354175979285
1.051970829593753
1.0615343063022795
1.0711255513308096
1.0807442691178453
1.0903901652734533
1.1000629461491223
1.1097623193314239
1.1194879934606303
1.1292396781849496
1.1390170843563827
1.1488199243926254
1.158647911263296
1.1685007598842616
1.1783781859970415
1.1882799073719268
1.1982056418715927
1.208155110370671
1.2181280339802283
1.2281241360343358
1.2381431410773538
1.2481847752384088
1.2582487661793766
1.2683348433086334
1.278442737599158
1.28857218167437
1.298722909824952
1.3088946582567897
1.3190871649627791
1.3293001689895063
1.3395334122042117
1.3497866375625795
1.3600595901560613
1.3703520170428798
1.3806636665306755
1.3909942897155836
1.4013436388626201
1.4117114685311245
1.4220975353414327
1.432501597480611
1.4429234155392578
1.4533627516625773
1.4638193704445916
1.4742930379845804
1.4847835230344277
1.4952905957476927
1.5058140286668935
1.516353596571134
1.5269090759035748
1.5374802453046097
1.5480668854787312
1.5586687793639418
1.5692857118724937
1.5799174699349243
1.590563842803224
1.6012246215777983
1.6118995996926626
1.6225885722249873
1.6332913371482993
1.64400769358965
1.6547374435737352
1.665480390918222
1.6762363413042463
1.6870051030838071
1.6977864859374374
1.708580302477929
1.7193863666779485
1.730204495026232
1.7410345060203636
1.7518762201291636
1.7627294598094012
1.7735940499070726
1.7844698169427733
1.7953565897212853
1.8062541991608512
1.8171624777645763
1.8280812606144126
1.839010384384635
1.8499496880626958
1.8608990122766738
1.871858200033543
1.8828270960236224
1.8938055469223891
1.9047934014998136
1.9157905103067487
1.926796725914997
1.9378119028958374
1.9488358974141908
1.9598685678176744
1.970909774169097
1.981959378438963
1.9930172445321317
2.004083238028363
2.015157226374361
2.026239078914495
2.0373286666484844
2.048425862406598
2.0595305408061653
2.070642578206392
2.0817618526604287
2.0928882439828485
2.10402163356453
2.1151619046540686
2.126308942088321
2.137462632259785
2.1486228634445483
2.1597895252379153
2.1709625090610167
2.1821417078863288
2.1933270161227254
2.204518329778895
2.2157155468147987
2.2269185659226065
2.238127288061911
2.2493416151206267
2.260561451226312
2.271786700495976
2.2830172702863316
2.294253067999045
2.305494003272596
2.3167399867870238
2.3279909306354982
2.339246748216092
2.3505073544219757
2.3617726653899083
2.3730425985498265
2.38431707259819
2.3955960077284955
2.4068793254443768
2.4181669477071797
2.4294587988493315
2.4407548036183115
2.4520548882950925
2.4633589804676363
2.4746670082096314
2.485978901728656
2.497294591559798
2.50861400976319
2.5199370896347877
2.531263765136184
2.542593971776166
2.5539276456569358
2.5652647244176765
2.576605146182826
2.5879488507790755
2.5992957783554074
2.610645870427147
2.6219990696860203
2.6333553193607857
2.6447145637708385
2.6560767481618655
2.667441818867656
2.678809723012851
2.6901804085428753
2.7015538245308863
2.712929920688127
2.724308647705595
2.7356899568261106
2.7470738008429896
2.758460132393207
2.7698489057687197
2.7812400757301945
2.7926335975729177
2.8040294279723645
2.815427523553916
2.8268278425816273
2.838230343288194
2.849634985090106
2.8610417280455147
2.8724505328096464
2.883861360648124
2.8952741738546157
2.9066889349961382
2.918105607550986
2.929524155726595
2.940944543904413
2.9523667376801077
2.96379070282993
2.9752164060650763
2.986643814329337
2.998072895571174
3.0095036180191315
3.0209359504992563
3.032369862551072
3.0438053241040954
3.055242305731143
3.0666807786295047
3.0781207142038567
3.089562084682613
3.101004862637557
3.1124490211890596
3.1238945340392323
3.135341375209407
3.14678951924551
3.1582389412563554
3.1696896166702424
3.181141521423417
3.192594631922671
3.204048925006541
3.21550437790409
3.2269609683128238
3.2384186742167045
3.249877474184683
3.2613373471023306
3.272798272147761
3.2842602291380487
3.295723197958999
3.307187159095364
3.318652093358798
3.3301179817802504