0.008933022440978286
0.009361320893481547
0.009804143588702675
0.010261746926872433
0.010734380027223982
0.011222293878141885
0.011725733579070623
0.01224494968848677
0.012780180655244805
0.013331674006257531
0.013899664668776448
0.014484394451869208
0.015086094035044748
0.015705002748948295
0.016341348364183945
0.016995358917268756
0.0176672666803736
0.01835729166804654
0.01906565775202967
0.019792588444738936
0.02053830052002184
0.021303009988453744
0.02208693192287999
0.022890280273286323
0.023713261428055313
0.024556088570867236
0.025418966920715703
0.02630209767703599
0.027205688231043967
0.028129937366405715
0.029075043376118416
0.03004120383834624
0.031028615383866424
0.03203747138543188
0.033067961733081117
0.034120278801521145
0.03519461304330299
0.036291146579695725
0.03741006940722287
0.03855156472082995
0.039715814822978236
0.04090300286662814
0.042113306479397206
0.04334690559428141
0.044603978082577704
0.04588469946855035
0.0471892466127119
0.04851779141960175
0.04987050846103234
0.051247568696038075
0.052649145027103265
0.05407540415274701
0.05552651596328503
0.057002651158184384
0.05850397324120604
0.060030651532819584
0.061582849349319346
0.06316073493938609
0.06476446981748984
0.06639421589836435
0.0680501405134446
0.06973240311949236
0.07144116410069888
0.07317658784019472
0.0749388315005518
0.076728057095497
0.07854442386452316
0.08038808961561167
0.082259213706898
0.08415795478136244
0.0860844685996208
0.08803891430850785
0.09002144880852249
0.09203222794853329
0.09407140602573454
0.09613914334188559
0.09823559102713998
0.10036090666950762
0.10251524405679267
0.10469875740847001
0.10691160229124588
0.10915393342774697
0.111425902615757
0.11372766419989486
0.11605936989245817
0.11842117409421601
0.12081323021929224
0.12323568865246592
0.12568870329983894
0.12817242373371338
0.1306870016450105
0.13323259140104357
0.13580933971399567
0.13841740005852543
0.1410569209846942
0.14372805350044404
0.14643094630255965
0.14916574898333584
0.151932611210484
0.1547316794372383
0.15756310371358384
0.16042703056700033
0.1633236084305463
0.16625298312695808
0.1692153007243654
0.17221070667737584
0.1752393484625923
0.17830136889911324
0.18139691341590655
0.1845261256745328
0.18768914786944305
0.19088612315504794
0.1941171935929164
0.19738249928140764
0.2006821817036463
0.2040163806216472
0.20738523524555091
0.21078888328460266
0.21422746202980628
0.21770110835278697
0.22120995771292445
0.22475414607722616
0.22833380601901457
0.23194907052563868
0.2356000728218195
0.23928694255762084
0.24300981030480814
0.24676880462961304
0.25056405284379074
0.2543956816719295
0.25826381614669797
0.2621685810682978
0.2661100990269246
0.27008849099185833
0.27410387682781423
0.27815637653169706
0.2822461058859349
0.28637318242421045
0.2905377187627848
0.29473982914740576
0.2989796236409165
0.30325721295116026
0.3075727049215408
0.3119262055416308
0.31631781983561585
0.3207476505900768
0.3252157985093492
0.32972236366062674
0.3342674421693434
0.33885113028179736
0.34347352167527373
0.34813470747690395
0.35283477687045117
0.35757381822975437
0.3623519159130881
0.3671691538167988
0.37202561275517815
0.37692137090761996
0.38185650532829074
0.3868310905010506
0.3918451980849427
0.3968988971910465
0.40199225512725373
0.4071253375639397
0.4122982054335989
0.41751091934940415
0.4227635364683356
0.4280561106027684
0.4333886947118202
0.43876133787003224
0.4441740871827856
0.44962698578527
0.4551200755522286
0.46065339503218355
0.46622698018599795
0.4718408632815299
0.47749507485338083
0.48318964207216025
0.4889245893013379
0.49469993774983134
0.5005157055220886
0.5063719088130233
0.5122685594509423
0.5182056668447259
0.5241832378285635
0.5302012749993958
0.5362597790471428
0.5423587469792345
0.5484981727006608
0.5546780470122108
0.5608983573335774
0.5671590881793107
0.5734602210946157
0.5798017339081295
0.5861836016150023
0.5926057955655669
0.5990682842374465
0.6055710329822215
0.6121140031593026
0.6186971536643529
0.6253204396704867
0.6319838131549779
0.6386872230557818
0.6454306145492018
0.6522139299765202
0.6590371080485842
0.6659000846512624
0.6728027914820737
0.6797451580536379
0.6867271097463891
0.6937485691741204
0.7008094545101922
0.7079096844906508
0.7150491688527633
0.7222278179878459
0.7294455380473702
0.7367022319473102
0.7439977993742253
0.7513321369599328
0.7587051381885774
0.7661166928635229
0.7735666883886678
0.7810550085161965
0.7885815341113802
0.7961461430377132
0.8037487096383579
0.8113891058753616
0.819067200151592
0.8267828581525629
0.8345359426915262
0.8423263133567972
0.8501538271550291
0.8580183378967655
0.8659196968852403
0.8738577522353622
0.8818323497594313
0.8898433320546816
0.897890539269092
0.9059738090247258
0.914092976008113
0.9222478724102414
0.9304383278588149
0.9386641695852012
0.9469252222609333
0.9552213080691682
0.9635522469809503
0.9719178564507571
0.9803179517193823
0.988752345551902
0.9972208490336192
1.0057232703573278
1.0142594162267553
1.02282909103071
1.0314320969455475
1.0400682346313945
1.0487373022088768
1.0574390965980098
1.066173412307815
1.0749400424211184
1.083738778241598
1.0925694093183755
1.1014317235154303
1.1103255073972533
1.1192505457033117
1.128206621905276
1.1371935181280874
1.1462110147734303
1.1552588914007615
1.1643369259737661
1.1734448955189176
1.1825825756288781
1.1917497411400164
1.20094616561546
1.2101716216597045
1.2194258810746095
1.2287087146597813
1.2380198924785586
1.2473591839050182
1.2567263573440377
1.2661211807951993
1.2755434215207673
1.2849928462737237
1.2944692213857303
1.3039723126095002
1.3135018853473663
1.3230577047426733
1.3326395355352996
1.3422471422764226
1.351880289355153
1.3615387410230824
1.3712222614158525
1.3809306146748528
1.3906635648483463
1.4004208761995227
1.4102023130332275
1.420007639728133
1.429836621086148
1.439689021896586
1.449564607442069
1.459463143316575
1.4693843953821193
1.479328129971463
1.4892941142593756
1.4992821152351719
1.5092919011254935
1.5193232402570414
1.5293759022835156
1.5394496562246935
1.5495442734334997
1.5596595247834946
1.5697951826893048
1.5799510200834532
1.5901268108021525
1.6003223295359883
1.6105373520513766
1.6207716550127003
1.6310250160732689
1.6412972138978565
1.6515880284188234
1.6618972407115955
1.672224632258595
1.682569986741739
1.6929330882961722
1.7033137225749453
1.713711676582862
1.7241267379611607
1.734558696541487
1.7450073427216923
1.7554724686057022
1.7659538677740667
1.7764513347914248
1.7869646660557807
1.7974936589496735
1.8080381127471066
1.8185978276682349
1.8291726060423612
1.8397622510528022
1.8503665677383279
1.860985362845464
1.871618444257474
1.8822656215389217
1.8929267058059098
1.9036015099039094
1.9142898481524784
1.9249915363958665
1.9357063923141486
1.946434234984014
1.957174885219739
1.967928165190393
1.978693899382414
1.989471913002949
2.000262033711141
2.011064090512623
2.0218779138365597
2.0327033363535536
2.0435401916309215
2.054388315753149
2.065247545744683
2.0761177207392314
2.086998681475443
2.0978902702649513
2.108792331014921
2.119704709636741
2.1306272533342208
2.1415598112208714
2.1525022341544
2.163454374211392
2.1744160856908468
2.1853872241291117
2.196367647028982
2.207357213189949
2.218355783454535
2.229363220015496
2.240379386723828
2.2514041492036867
2.2624373745428907
2.2734789315388424
2.2845286906813453
2.295586523753093
2.3066523044214335
2.3177259077770187
2.3288072105310262
2.339896091046642
2.3509924290835813
2.3620961059953376
2.3732070047645757
2.3843250097647233
2.3954500069401243
2.406581883766887
2.417720529211958
2.4288658336905202
2.440017689133245
2.4511759888129485
2.4623406276223587
2.4735115018170055
2.484688508977946
2.4958715483494616
2.507060520277224
2.5182553267142893
2.529455870961186
2.5406620575450165
2.5518737922296983
2.5630909830031037
2.5743135381039988
2.5855413674735312
2.5967743823131406
2.6080124956943536
2.6192556205109483
2.63050367271724
2.641756568128817
2.6530142246325945
2.6642765609903725
2.675543497206558
2.686814954429756
2.698090855146261
2.7093711229246464
2.7206556824754866
2.731944459630672
2.7432373815654274
2.7545343766224195
2.765835373459088
2.777140302966078
2.788449096311553
2.7997616860636465
2.8110780059662748
2.8223979901195784
2.8337215746363484
2.8450486958190164
2.856379291387305
2.8677133001779866
2.879050661569748
2.890391316377258
2.901735205896105
2.9130822728494676
2.9244324603376453
2.9357857130582885
2.9471419759273587
2.958501195126172
2.969863317913311
2.981228291986765
2.992596066039959
3.0039665895992127
3.015339813187568
3.026715688029186
3.038094166081141
3.049475200345971
3.060858744365499
3.07224475260039
3.0836331799677232
3.0950239828599204
3.1064171174348907
3.1178125414300797
3.129210212977041
3.140610090668948
3.1520121344077157
3.163416303976175
3.1748225607265756
3.1862308659128327
3.197641181907313
3.209053471659782
3.2204676986541374
3.231883826923077
3.243301821467224
3.25472164750139
3.2661432710920897
3.2775666589860424
3.2889917780370768
3.300418596266873
3.311847081822575
3.323277203734494
3.3347089312145783
3.346142234429871
3.3575770837787036
3.369013450209288
3.3804513053367393
3.3918906211204765
3.4033313701186025
3.414773525470017
3.4262170604781446
3.4376619492283997
3.4491081661085614
3.4605556860149456
3.472004484386425
3.4834545369269323
3.494905819890485
3.506358309962766
3.51781198417599
3.5292668200194197
3.540722795418477
3.552179888696677
3.5636380785351247
3.575097344051179
3.5865576646171125
3.5980190201594056
3.609481390890985
3.620944757287805
3.6324091004359773
3.643874401462094
3.655340642064045
3.6668078042396783
3.6782758701795415