0.03681913858956535
0.03774285101977413
0.038681749431043626
0.03963595736662018
0.04060558714413157
0.041590759234234706
0.0425915864777911
0.04360819685029021
0.04464069883298976
0.045689222926394185
0.04675387985583176
0.04783479779599837
0.04893208865326034
0.0500458845779543
0.05117630105510416
0.05232345862984918
0.05348748947861381
0.05466850869683758
0.055866642441640336
0.057082020313354714
0.05831476470498674
0.059565000936970515
0.06083285683214135
0.06211846230030057
0.06342193909309327
0.06474342361369037
0.06608304339068358
0.06744092354114446
0.06881720235276383
0.07021200843449074
0.071625473226693
0.07305773052670743
0.07450891602805744
0.07597916386774303
0.07746860634496049
0.07897738249064283
0.08050563153166132
0.08205348384605853
0.08362108388642413
0.08520856929352132
0.08681607924365976
0.08844375674335982
0.09009173981386487
0.0917601721818607
0.09344919720846029
0.09515895748864307
0.09688959971234204
0.09864126623341432
0.10041410512708684
0.1022082618278627
0.10402388634894921
0.10586112265318848
0.10772012078914313
0.10960103366334036
0.11150400681265331
0.11342919492764549
0.115376746792413
0.11734681901935107
0.11933956136553456
0.1213551256654277
0.12339367191018075
0.1254553517799491
0.12754031951375203
0.12964873554512374
0.13178075279605883
0.13393653131764077
0.13611622898314915
0.13832000310469078
0.14054801395846792
0.1428004220181346
0.14507738536722417
0.14737906708390727
0.14970562852735234
0.15205723073683905
0.1544340338293212
0.15683620575271892
0.1592639045889462
0.16171729670021925
0.1641965447889182
0.16670181277850213
0.1692332668179156
0.1717910727311315
0.17437539363688473
0.1769863961627171
0.17962424452456044
0.18228910653372052
0.184981149399208
0.18770053742598247
0.1904474393579288
0.19322201954023366
0.1960244451357057
0.1988548866927183
0.2017135066406908
0.20460047530487874
0.20751595790763444
0.2104601227349204
0.2134331358473765
0.21643516460373804
0.21946637673379424
0.22252693672621487
0.22561701327038902
0.22873677145408514
0.23188637867895628
0.23506599972806244
0.23827579986655134
0.24151594389498132
0.24478659898348484
0.24808792744355224
0.25142009457079445
0.2547832639075177
0.25817759756593145
0.2616032588251626
0.26506040991551916
0.2685492110850544
0.2720698241713366
0.27562240927188136
0.27920712598804487
0.2828241324093266
0.2864735862604549
0.2901556448916223
0.2938704642200336
0.29761820075570233
0.30139900747164333
0.30521303782826426
0.30906044557357265
0.3129413807223516
0.31685599429197436
0.3208044352143344
0.3247868511250817
0.3288033890600985
0.33285419429302143
0.3369394118610418
0.3410591844912357
0.3452136532175794
0.3494029579184999
0.3536272386021132
0.3578866308723334
0.36218127214483126
0.3665112947004695
0.3708768324952258
0.3752780151238893
0.37971497281717453
0.3841878328087248
0.3886967203876364
0.39324175980703646
0.39782307297120195
0.4024407795958552
0.4070949987004203
0.41178584519380185
0.41651343406974817
0.4212778776279263
0.42607928549509877
0.43091776525110753
0.4357934235941405
0.4407063630416403
0.44565668558675475
0.45064449000313345
0.45566987230647776
0.4607329273041542
0.4658337471108678
0.47097242088888946
0.47614903513311485
0.48136367444215544
0.48661642164635405
0.4919073547163777
0.49723655120477667
0.5026040850766932
0.5080100268183577
0.5134544459823039
0.5189374080910605
0.5244589765939089
0.5300192108259104
0.5356181687724803
0.5412559049625847
0.5469324712225205
0.5526479155509714
0.5584022841153393
0.5641956195915281
0.5700279617316658
0.5758993470114149
0.5818098086818692
0.5877593779841985
0.593748081653465
0.5997759438981255
0.6058429862420985
0.6119492258381787
0.6180946779733196
0.6242793535669344
0.6305032611625874
0.6367664055239564
0.643068788056386
0.6494104071495312
0.6557912581125829
0.6622113324181955
0.6686706185974303
0.6751691014189826
0.681706762671273
0.6882835809063785
0.6948995305647768
0.7015545835216963
0.7082487078146245
0.7149818681765256
0.7217540261943964
0.7285651395800231
0.7354151631066512
0.7423040478060383
0.7492317417822719
0.7561981888359876
0.7632033304870971
0.770247104009878
0.7773294438114988
0.7844502807033641
0.7916095421508735
0.7988071522240757
0.8060430317399903
0.813317098124043
0.8206292654640776
0.8279794445169085
0.835367542884686
0.8427934649215977
0.85025711119743
0.8577583797883732
0.8652971650162655
0.8728733582191361
0.880486847635824
0.8881375178844816
0.8958252511094383
0.903549925795983
0.9113114176178368
0.9191095992815187
0.9269443401719714
0.9348155069998872
0.9427229631842959
0.9506665695446638
0.9586461836175657
0.966661660549119
0.9747128521700826
0.9827996077752685
0.9909217740468659
0.9990791946339999
1.0072717106031264
1.0154991603669952
1.0237613798536607
1.0320582023422675
1.0403894585351419
1.0487549768355124
1.0571545830420443
1.0655881006532864
1.0740553506051116
1.0825561520691216
1.0910903212369032
1.099657672728199
1.1082580187624165
1.116891169261836
1.1255569325505685
1.1342551143280166
1.1429855190126381
1.1517479485277753
1.1605422032900319
1.1693680818554335
1.1782253809444192
1.1871138955118
1.196033419133852
1.2049837434815434
1.2139646588797073
1.2229759542281624
1.232017416624508
1.2410888322478542
1.2501899856035905
1.2593206601839992
1.268480637970735
1.277669700114366
1.286887626416496
1.2961341956455024
1.3054091856932313
1.3147123733752837
1.3240435346979618
1.3334024449057258
1.3427888782010513
1.3522026083098893
1.361643408149333
1.371111050056499
1.3806053058770487
1.3901259468076486
1.3996727436253817
1.409245466779698
1.4188438862480828
1.428467771751627
1.4381168927821084
1.4477910186270069
1.4574899183909182
1.4672133611203457
1.4769611157014053
1.4867329511712621
1.4965286365444126
1.5063479408453642
1.5161906334589903
1.52605648369454
1.535945261292707
1.545856736243881
1.555790678745245
1.565746859404227
1.5757250496106796
1.58572502050863
1.5957465444212864
1.6057893937128747
1.615853342017495
1.6259381622764766
1.636043629709246
1.6461695189982055
1.6563156063118514
1.6664816682812968
1.6766674823858239
1.686872826905459
1.6970974811431467
1.7073412252457871
1.7176038402969327
1.7278851083395805
1.7381848126330233
1.7485027375287203
1.7588386677341379
1.7691923901072577
1.7795636919093754
1.7899523618711646
1.8003581900271852
1.8107809669993966
1.8212204855545373
1.83167653897808
1.8421489222157474
1.8526374316443954
1.8631418645793756
1.8736620201260523
1.8841976983291986
1.8947487010821784
1.9053148311812633
1.9158958934898553
1.9264916936831056
1.9371020392504659
1.9477267393483988
1.9583656042298352
1.9690184457884037
1.9796850774308232
1.9903653142541764
2.0010589727912786
2.011765871061816
2.0224858288841205
2.033218667435952
2.043964209597281
2.05472227956637
2.0654927038232205
2.0762753095348563
2.0870699262835166
2.097876384967628
2.108694517873195
2.1195241594953664
2.13036514519418
2.1412173128137004
2.152080501107225
2.162954550906126
2.1738393046160875
2.184734606185584
2.1956403011288947
2.2065562369354486
2.2174822623584665
2.228418228031055
2.239363986304321
2.2503193907199734
2.2612842970152074
2.2722585621377527
2.28324204497561
2.2942346056875214
2.3052361064492946
2.316246410763613
2.3272653837650767
2.338292892337812
2.3493288048056993
2.3603729911787537
2.3714253231369553
2.3824856736290205
2.393553917466272
2.404629930862066
2.41571359162958
2.42680477921109
2.4379033744250975
2.4490092596633715
2.460122318926693
2.4712424375867377
2.4823695025666193
2.4935034023029643
2.5046440267013304
2.515791267099896
2.526945016335237
2.538105168564415
2.5492716195509475
2.5604442663991316
2.5716230075257323
2.5828077429934164
2.593998373948918
2.605194803130979
2.6163969346098033
2.6276046735161014
2.638817926804931
2.6500366027363023
2.6612606102314893
2.672489860459907
2.6837242647711497
2.694963737081481
2.7062081909402957
2.7174575429363554
2.7287117095183624
2.7399706091868845
2.7512341613018028
2.762502286460625
2.773774906387998
2.785051944135512
2.79633332382564
2.8076189707112094
2.8189088111549383
2.83020277285217
2.841500784654792
2.852802775718801
2.8641086774231024
2.87541842141387
2.8867319407272736
2.898049169565487
2.9093700424818922
2.920694496014589
2.932022466909914
2.94335389330473
2.9546887144453358
2.9660268701163273
2.977368301526384
2.9887129503575656
3.0000607597113755
3.0114116730583724
3.0227656354586534
3.034122592182874
3.0454824897595167
3.056845275786947
3.0682108982956637
3.079579306304506
3.0909504496582527
3.1023242791915933
3.1137007464336572
3.125079803647088
3.136461404105011
3.147845501655658
3.159232051034415
3.1706210074288443
3.182012327501462
3.193405967671229
3.2048018859318512
3.2162000406655884
3.227600390710883
3.239002896210079
3.25040751717987
3.261814215202643
3.273222951756987
3.2846336894350823
3.296046391401721
3.307461021351144
3.3188775435218116
3.3302959231156306
3.3417161255519936
3.3531381170673034
3.3645618646185795
3.3759873352373866
3.3874144971252487
3.39884331860559
3.4102737688811464
3.421705817332501
3.4331394342916437
3.444574590318224
3.4560112565182233
3.467449404661067
3.4788890068570884
3.4903300358119775
3.5017724648089774
3.513216267292669
3.5246614174865107
3.536107889913285
3.5475556596013282
3.559004702118617
3.570454993295353
3.5819065095089564
3.5933592275658968
3.604813124616421
3.616268178265235
3.6277243665506433
3.639181667906542
3.6506400611219707
3.662099525419822
3.6735600402755626
3.6850215857165782
3.696484142054454
3.7079476898616113
3.7194122103184855
3.7308776846445264
3.74234409462652
3.7538114223511143
3.7652796500944143