tD/rD2	pD	pD'	pD/2pD'
0.01	2.67E-13	6.94E-12	0.01925735
0.01023293	4.83E-13	1.23E-11	0.01968946
0.010471285	8.61E-13	2.14E-11	0.02013092
0.010715193	1.52E-12	3.68E-11	0.02058191
0.010964782	2.64E-12	6.27E-11	0.02104263
0.011220185	4.53E-12	1.05E-10	0.02151326
0.011481536	7.69E-12	1.75E-10	0.02199400
0.011748976	1.29E-11	2.87E-10	0.02248505
0.012022644	2.14E-11	4.66E-10	0.02298662
0.012302688	3.51E-11	7.48E-10	0.02349891
0.012589254	5.71E-11	1.19E-09	0.02402213
0.012882496	9.17E-11	1.87E-09	0.02455649
0.013182567	1.46E-10	2.90E-09	0.02510222
0.013489629	2.29E-10	4.47E-09	0.02565953
0.013803843	3.58E-10	6.82E-09	0.02622864
0.014125375	5.52E-10	1.03E-08	0.02680978
0.014454398	8.44E-10	1.54E-08	0.02740318
0.014791084	1.28E-09	2.28E-08	0.02800908
0.015135612	1.92E-09	3.35E-08	0.02862771
0.015488166	2.86E-09	4.89E-08	0.02925930
0.015848932	4.22E-09	7.05E-08	0.02990412
0.016218101	6.17E-09	1.01E-07	0.03056239
0.016595869	8.96E-09	1.43E-07	0.03123438
0.016982437	1.29E-08	2.02E-07	0.03192034
0.017378008	1.84E-08	2.83E-07	0.03262052
0.017782794	2.61E-08	3.92E-07	0.03333519
0.018197009	3.68E-08	5.40E-07	0.03406461
0.018620871	5.14E-08	7.38E-07	0.03480905
0.019054607	7.13E-08	1.00E-06	0.03556879
0.019498446	9.82E-08	1.35E-06	0.03634409
0.019952623	1.34E-07	1.81E-06	0.03713524
0.020417379	1.83E-07	2.41E-06	0.03794252
0.020892961	2.46E-07	3.18E-06	0.03876621
0.021379621	3.31E-07	4.17E-06	0.03960661
0.021877616	4.41E-07	5.45E-06	0.04046400
0.022387211	5.84E-07	7.07E-06	0.04133869
0.022908677	7.70E-07	9.11E-06	0.04223097
0.023442288	1.01E-06	1.168E-05	0.04314115
0.023988329	1.31E-06	1.48891E-05	0.04406954
0.024547089	1.70E-06	1.88753E-05	0.04501644
0.025118864	2.19E-06	2.38E-05	0.04598216
0.025703958	2.80E-06	2.98515E-05	0.04696703
0.02630268	3.57E-06	3.72491E-05	0.04797136
0.026915348	4.53E-06	4.62464E-05	0.04899548
0.027542287	5.72E-06	5.71347E-05	0.05003971
0.028183829	7.18E-06	7.02478E-05	0.05110439
0.028840315	8.97E-06	8.59652E-05	0.05218984
0.029512092	1.11621E-05	0.000104717	0.05329640
0.030199517	1.38224E-05	0.000126987	0.05442441
0.030902954	1.70412E-05	0.000153319	0.05557421
0.031622777	2.09188E-05	0.000184319	0.05674615
0.032359366	2.55704E-05	0.00022066	0.05794057
0.033113112	3.11273E-05	0.000263087	0.05915782
0.033884416	3.77389E-05	0.000312417	0.06039826
0.034673685	4.55745E-05	0.000369549	0.06166225
0.035481339	5.48247E-05	0.000435461	0.06295013
0.036307805	6.57038E-05	0.000511216	0.06426226
0.037153523	7.84514E-05	0.000597962	0.06559903
0.03801894	9.33347E-05	0.000696936	0.06696078
0.038904514	0.00011065	0.000809465	0.06834788
0.039810717	0.000130727	0.000936966	0.06976072
0.040738028	0.000153926	0.001080945	0.07119965
0.041686938	0.000180645	0.001242997	0.07266505
0.042657952	0.00021132	0.001424807	0.07415729
0.043651583	0.000246425	0.001628141	0.07567676
0.044668359	0.000286478	0.001854853	0.07722383
0.045708819	0.000332038	0.002106871	0.07879889
0.046773514	0.000383712	0.002386202	0.08040231
0.047863009	0.000442152	0.002694918	0.08203449
0.048977882	0.00050806	0.003035157	0.08369579
0.050118723	0.000582185	0.003409113	0.08538662
0.051286138	0.000665331	0.00381903	0.08710735
0.052480746	0.000758352	0.004267193	0.08885838
0.05370318	0.000862154	0.004755921	0.09064009
0.054954087	0.000977699	0.005287555	0.09245287
0.056234133	0.001106002	0.005864455	0.09429712
0.057543994	0.001248133	0.006488984	0.09617322
0.058884366	0.001405215	0.007163502	0.09808156
0.060255959	0.001578426	0.007890353	0.10002254
0.0616595	0.001768999	0.008671856	0.10199653
0.063095734	0.001978217	0.009510297	0.10400395
0.064565423	0.002207418	0.010407915	0.10604517
0.066069345	0.00245799	0.011366893	0.10812058
0.067608298	0.00273137	0.012389349	0.11023058
0.069183097	0.003029044	0.013477325	0.11237554
0.070794578	0.003352542	0.01463278	0.11455587
0.072443596	0.00370344	0.015857577	0.11677195
0.074131024	0.004083356	0.017153477	0.11902415
0.075857758	0.004493946	0.018522131	0.12131287
0.077624712	0.004936902	0.01996507	0.12363848
0.079432823	0.005413952	0.021483701	0.12600138
0.081283052	0.005926854	0.023079302	0.12840193
0.083176377	0.006477393	0.024753008	0.13084051
0.085113804	0.007067379	0.026505817	0.13331751
0.087096359	0.007698644	0.028338578	0.13583329
0.089125094	0.008373038	0.03025199	0.13838821
0.091201084	0.009092423	0.0322466	0.14098266
0.09332543	0.009858675	0.034322799	0.14361700
0.095499259	0.010673675	0.036480824	0.14629158
0.097723722	0.011539307	0.038720749	0.14900677
0.1	0.012457459	0.041042499	0.15176292
0.102329299	0.013430011	0.043445837	0.15456038
0.104712855	0.014458837	0.045930374	0.15739951
0.107151931	0.015545802	0.048495565	0.16028065
0.10964782	0.016692754	0.051140718	0.16320414
0.112201845	0.017901526	0.053864991	0.16617032
0.114815362	0.019173928	0.056667402	0.16917952
0.117489755	0.020511747	0.059546826	0.17223208
0.120226443	0.021916742	0.062502007	0.17532831
0.123026877	0.023390642	0.065531557	0.17846854
0.125892541	0.024935141	0.068633964	0.18165308
0.128824955	0.0265519	0.071807599	0.18488224
0.131825674	0.028242537	0.075050721	0.18815633
0.134896288	0.030008632	0.078361481	0.19147566
0.138038426	0.03185172	0.081737933	0.19484051
0.141253754	0.033773291	0.085178038	0.19825117
0.144543977	0.035774787	0.088679671	0.20170794
0.147910839	0.037857597	0.092240626	0.20521108
0.151356125	0.040023062	0.095858628	0.20876088
0.154881662	0.04227247	0.099531336	0.21235759
0.158489319	0.044607051	0.10325635	0.21600149
0.16218101	0.047027983	0.107031223	0.21969282
0.165958691	0.049536385	0.110853459	0.22343184
0.169824365	0.052133317	0.114720526	0.22721879
0.173780083	0.054819785	0.118629864	0.23105390
0.177827941	0.057596729	0.122578885	0.23493740
0.181970086	0.060465036	0.126564988	0.23886952
0.186208714	0.063425527	0.130585556	0.24285047
0.190546072	0.066478967	0.134637967	0.24688046
0.19498446	0.069626059	0.138719601	0.25095970
0.199526231	0.072867444	0.142827843	0.25508837
0.204173794	0.076203708	0.146960089	0.25926668
0.208929613	0.079635371	0.15111375	0.26349479
0.213796209	0.083162898	0.155286259	0.26777288
0.218776162	0.086786693	0.159475072	0.27210112
0.223872114	0.090507103	0.163677678	0.27647967
0.229086765	0.094324415	0.167891597	0.28090868
0.234422882	0.098238865	0.172114388	0.28538830
0.239883292	0.102250626	0.176343649	0.28991865
0.245470892	0.106359821	0.180577023	0.29449988
0.251188643	0.110566519	0.184812199	0.29913209
0.257039578	0.114870734	0.189046919	0.30381541
0.263026799	0.11927243	0.193278974	0.30854994
0.26915348	0.123771522	0.197506209	0.31333577
0.27542287	0.128367874	0.201726528	0.31817301
0.281838293	0.133061304	0.205937891	0.32306173
0.28840315	0.137851581	0.210138318	0.32800201
0.295120923	0.142738432	0.21432589	0.33299391
0.301995172	0.14772154	0.21849875	0.33803749
0.309029543	0.152800545	0.222655104	0.34313281
0.316227766	0.157975047	0.226793221	0.34827991
0.323593657	0.163244606	0.230911435	0.35347883
0.331131121	0.168608746	0.235008144	0.35872958
0.338844156	0.174066954	0.239081809	0.36403220
0.34673685	0.179618682	0.243130958	0.36938669
0.354813389	0.185263349	0.247154183	0.37479307
0.363078055	0.191000344	0.251150139	0.38025132
0.371535229	0.196829022	0.255117544	0.38576144
0.380189396	0.202748712	0.259055183	0.39132340
0.389045145	0.208758716	0.262961899	0.39693719
0.398107171	0.21485831	0.266836601	0.40260277
0.407380278	0.221046742	0.270678256	0.40832009
0.416869383	0.227323242	0.274485893	0.41408912
0.426579519	0.233687017	0.278258599	0.41990978
0.436515832	0.24013725	0.28199552	0.42578203
0.446683592	0.246673109	0.285695859	0.43170578
0.45708819	0.253293744	0.289358873	0.43768097
0.467735141	0.259998286	0.292983876	0.44370750
0.478630092	0.266785853	0.296570233	0.44978528
0.489778819	0.273655549	0.300117364	0.45591422
0.501187234	0.280606464	0.303624737	0.46209421
0.512861384	0.287637676	0.307091868	0.46832513
0.52480746	0.294748255	0.310518325	0.47460686
0.537031796	0.301937258	0.31390372	0.48093928
0.549540874	0.309203737	0.317247709	0.48732225
0.562341325	0.316546735	0.320549992	0.49375564
0.575439937	0.323965288	0.323810313	0.50023930
0.588843655	0.331458427	0.327028455	0.50677307
0.602559586	0.33902518	0.33020424	0.51335679
0.616595002	0.346664568	0.333337528	0.51999031
0.630957344	0.354375613	0.336428216	0.52667344
0.645654229	0.362157333	0.339476235	0.53340602
0.660693448	0.370008744	0.34248155	0.54018785
0.676082975	0.377928863	0.345444157	0.54701875
0.691830971	0.385916708	0.348364086	0.55389853
0.707945784	0.393971295	0.351241391	0.56082698
0.72443596	0.402091645	0.35407616	0.56780389
0.741310241	0.410276779	0.356868504	0.57482907
0.758577575	0.418525722	0.35961856	0.58190228
0.776247117	0.426837503	0.36232649	0.58902332
0.794328235	0.435211152	0.364992478	0.59619195
0.812830516	0.443645707	0.367616732	0.60340794
0.831763771	0.452140209	0.370199478	0.61067105
0.851138038	0.460693706	0.372740963	0.61798105
0.87096359	0.46930525	0.375241453	0.62533770
0.891250938	0.477973901	0.377701229	0.63274073
0.912010839	0.486698725	0.380120592	0.64018990
0.933254301	0.495478794	0.382499854	0.64768494
0.954992586	0.504313189	0.384839345	0.65522561
0.977237221	0.513200998	0.387139406	0.66281163
1	0.522141317	0.389400392	0.67044272
1.023292992	0.531133251	0.391622667	0.67811863
1.047128548	0.540175913	0.39380661	0.68583906
1.071519305	0.549268425	0.395952606	0.69360375
1.096478196	0.558409916	0.398061051	0.70141240
1.122018454	0.567599528	0.400132349	0.70926474
1.148153622	0.57683641	0.40216691	0.71716046
1.174897555	0.58611972	0.404165153	0.72509928
1.202264435	0.595448628	0.406127502	0.73308090
1.230268771	0.604822311	0.408054388	0.74110502
1.258925412	0.614239958	0.409946244	0.74917134
1.288249552	0.623700768	0.41180351	0.75727957
1.318256739	0.633203948	0.413626629	0.76542938
1.348962883	0.642748719	0.415416046	0.77362048
1.380384265	0.652334309	0.417172209	0.78185255
1.412537545	0.661959958	0.41889557	0.79012528
1.445439771	0.671624915	0.42058658	0.79843836
1.479108388	0.68132844	0.422245693	0.80679146
1.513561248	0.691069806	0.423873362	0.81518428
1.548816619	0.700848292	0.425470043	0.82361650
1.584893192	0.710663191	0.427036189	0.83208778
1.621810097	0.720513805	0.428572255	0.84059782
1.659586907	0.730399445	0.430078694	0.84914628
1.698243652	0.740319437	0.431555958	0.85773284
1.737800829	0.750273111	0.433004497	0.86635718
1.77827941	0.760259814	0.434424761	0.87501897
1.819700859	0.770278897	0.435817196	0.88371788
1.862087137	0.780329727	0.437182247	0.89245358
1.905460718	0.790411677	0.438520356	0.90122575
1.9498446	0.800524132	0.439831963	0.91003406
1.995262315	0.810666487	0.441117504	0.91887817
2.041737945	0.820838147	0.442377413	0.92775775
2.089296131	0.831038527	0.443612119	0.93667248
2.13796209	0.84126705	0.444822049	0.94562202
2.187761624	0.851523152	0.446007626	0.95460605
2.238721139	0.861806277	0.447169269	0.96362422
2.290867653	0.872115878	0.448307392	0.97267622
2.344228815	0.882451418	0.449422407	0.98176171
2.398832919	0.89281237	0.450514721	0.99088035
2.454708916	0.903198216	0.451584735	1.00003183
2.511886432	0.913608448	0.452632848	1.00921581
2.570395783	0.924042564	0.453659453	1.01843195
2.630267992	0.934500075	0.454664939	1.02767994
2.691534804	0.944980499	0.45564969	1.03695944
2.754228703	0.955483363	0.456614087	1.04627013
2.818382931	0.966008202	0.457558503	1.05561168
2.884031503	0.97655456	0.458483308	1.06498377
2.951209227	0.987121991	0.459388868	1.07438606
3.01995172	0.997710054	0.460275544	1.08381823
3.090295433	1.00831832	0.461143689	1.09327997
3.16227766	1.018946366	0.461993655	1.10277095
3.235936569	1.029593778	0.462825787	1.11229085
3.311311215	1.040260147	0.463640425	1.12183935
3.388441561	1.050945076	0.464437905	1.13141613
3.467368505	1.061648174	0.465218557	1.14102088
3.548133892	1.072369056	0.465982708	1.15065327
3.630780548	1.083107347	0.466730676	1.16031300
3.715352291	1.093862676	0.467462779	1.16999976
3.801893963	1.104634684	0.468179326	1.17971322
3.89045145	1.115423014	0.468880624	1.18945309
3.981071706	1.12622732	0.469566974	1.19921905
4.073802778	1.13704726	0.470238671	1.20901080
4.168693835	1.147882501	0.470896006	1.21882803
4.265795188	1.158732714	0.471539266	1.22867044
4.365158322	1.16959758	0.472168733	1.23853773
4.466835922	1.180476784	0.472784683	1.24842960
4.570881896	1.191370018	0.473387389	1.25834575
4.677351413	1.20227698	0.473977118	1.26828589
4.786300923	1.213197373	0.474554133	1.27824972
4.897788194	1.224130909	0.475118692	1.28823695
5.011872336	1.235077304	0.475671048	1.29824730
5.12861384	1.246036279	0.476211452	1.30828046
5.248074603	1.257007562	0.476740149	1.31833617
5.370317964	1.267990886	0.477257377	1.32841413
5.495408739	1.27898599	0.477763374	1.33851406
5.623413252	1.289992618	0.478258372	1.34863569
5.754399373	1.301010519	0.478742597	1.35877873
5.888436554	1.312039449	0.479216274	1.36894292
6.025595861	1.323079165	0.479679621	1.37912797
6.165950019	1.334129434	0.480132855	1.38933362
6.309573445	1.345190024	0.480576185	1.39955960
6.45654229	1.356260711	0.481009819	1.40980564
6.60693448	1.367341272	0.48143396	1.42007148
6.760829754	1.378431492	0.481848808	1.43035686
6.918309709	1.38953116	0.482254558	1.44066151
7.079457844	1.400640067	0.482651403	1.45098518
7.244359601	1.411758012	0.483039529	1.46132762
7.413102413	1.422884794	0.483419123	1.47168857
7.58577575	1.434020221	0.483790364	1.48206778
7.762471166	1.445164101	0.48415343	1.49246500
7.943282347	1.456316249	0.484508494	1.50288000
8.128305162	1.467476482	0.484855728	1.51331251
8.317637711	1.478644621	0.485195299	1.52376231
8.511380382	1.489820493	0.485527369	1.53422916
8.7096359	1.501003927	0.485852101	1.54471281
8.912509381	1.512194754	0.48616965	1.55521304
9.120108394	1.523392813	0.486480172	1.56572960
9.332543008	1.534597941	0.486783816	1.57626228
9.54992586	1.545809984	0.487080733	1.58681085
9.77237221	1.557028787	0.487371065	1.59737508
10	1.568254202	0.487654956	1.60795475
10.23292992	1.57948608	0.487932545	1.61854963
10.47128548	1.590724278	0.488203967	1.62915952
10.71519305	1.601968657	0.488469357	1.63978419
10.96478196	1.613219078	0.488728845	1.65042343
11.22018454	1.624475408	0.48898256	1.66107704
11.48153622	1.635737514	0.489230627	1.67174480
11.74897555	1.647005268	0.489473169	1.68242651
12.02264435	1.658278545	0.489710306	1.69312196
12.30268771	1.669557221	0.489942156	1.70383095
12.58925412	1.680841175	0.490168835	1.71455329
12.88249552	1.692130291	0.490390455	1.72528877
13.18256739	1.703424453	0.490607127	1.73603721
13.48962883	1.714723547	0.49081896	1.74679840
13.80384265	1.726027465	0.491026059	1.75757216
14.12537545	1.737336097	0.491228528	1.76835831
14.45439771	1.74864934	0.49142647	1.77915665
14.79108388	1.759967088	0.491619982	1.78996700
15.13561248	1.771289243	0.491809164	1.80078918
15.48816619	1.782615705	0.491994109	1.81162302
15.84893192	1.793946377	0.492174912	1.82246833
16.21810097	1.805281166	0.492351663	1.83332494
16.59586907	1.816619979	0.492524452	1.84419268
16.98243652	1.827962725	0.492693367	1.85507138
17.37800829	1.839309318	0.492858493	1.86596086
17.7827941	1.850659669	0.493019913	1.87686097
18.19700859	1.862013696	0.49317771	1.88777154
18.62087137	1.873371315	0.493331965	1.89869241
19.05460718	1.884732446	0.493482754	1.90962342
19.498446	1.89609701	0.493630156	1.92056440
19.95262315	1.907464929	0.493774244	1.93151521
20.41737945	1.918836129	0.493915094	1.94247569
20.89296131	1.930210536	0.494052776	1.95344569
21.3796209	1.941588077	0.494187362	1.96442506
21.87761624	1.952968682	0.494318919	1.97541365
22.38721139	1.964352281	0.494447515	1.98641132
22.90867653	1.975738809	0.494573217	1.99741792
23.44228815	1.987128198	0.494696088	2.00843330
23.98832919	1.998520384	0.494816192	2.01945734
24.54708916	2.009915305	0.49493359	2.03048989
25.11886432	2.021312898	0.495048342	2.04153082
25.70395783	2.032713104	0.495160509	2.05257999
26.30267992	2.044115863	0.495270146	2.06363727
26.91534804	2.055521118	0.495377312	2.07470252
27.54228703	2.066928813	0.49548206	2.08577563
28.18382931	2.078338892	0.495584445	2.09685646
28.84031503	2.089751302	0.495684521	2.10794489
29.51209227	2.10116599	0.495782337	2.11904079
30.1995172	2.112582905	0.495877946	2.13014404
30.90295433	2.124001997	0.495971397	2.14125453
31.6227766	2.135423216	0.496062737	2.15237213
32.35936569	2.146846514	0.496152014	2.16349672
33.11311215	2.158271845	0.496239275	2.17462820
33.88441561	2.169699162	0.496324564	2.18576645
34.67368505	2.181128421	0.496407926	2.19691136
35.48133892	2.192559578	0.496489404	2.20806281
36.30780548	2.203992589	0.49656904	2.21922071
37.15352291	2.215427413	0.496646875	2.23038493
38.01893963	2.226864009	0.496722951	2.24155538
38.9045145	2.238302337	0.496797307	2.25273196
39.81071706	2.249742358	0.49686998	2.26391455
40.73802778	2.261184033	0.49694101	2.27510307
41.68693835	2.272627325	0.497010432	2.28629741
42.65795188	2.284072197	0.497078284	2.29749747
43.65158322	2.295518614	0.4971446	2.30870316
44.66835922	2.306966541	0.497209415	2.31991438
45.70881896	2.318415943	0.497272763	2.33113104
46.77351413	2.329866787	0.497334677	2.34235304
47.86300923	2.34131904	0.497395189	2.35358031
48.97788194	2.352772671	0.49745433	2.36481274
50.11872336	2.364227648	0.497512132	2.37605025
51.2861384	2.375683941	0.497568625	2.38729275
52.48074603	2.38714152	0.497623838	2.39854016
53.70317964	2.398600356	0.4976778	2.40979239
54.95408739	2.410060421	0.49773054	2.42104937
56.23413252	2.421521686	0.497782084	2.43231101
57.54399373	2.432984124	0.497832461	2.44357722
58.88436554	2.444447709	0.497881695	2.45484794
60.25595861	2.455912415	0.497929814	2.46612308
61.65950019	2.467378216	0.497976842	2.47740257
63.09573445	2.478845088	0.498022803	2.48868633
64.5654229	2.490313006	0.498067723	2.49997429
66.0693448	2.501781946	0.498111623	2.51126638
67.60829754	2.513251886	0.498154529	2.52256252
69.18309709	2.524722802	0.498196461	2.53386264
70.79457844	2.536194673	0.498237442	2.54516668
72.44359601	2.547667477	0.498277494	2.55647457
74.13102413	2.559141193	0.498316636	2.56778623
75.8577575	2.5706158	0.498354891	2.57910160
77.62471166	2.582091277	0.498392278	2.59042063
79.43282347	2.593567606	0.498428817	2.60174324
81.28305162	2.605044766	0.498464527	2.61306936
83.17637711	2.616522739	0.498499426	2.62439895
85.11380382	2.628001507	0.498533533	2.63573194
87.096359	2.639481051	0.498566866	2.64706826
89.12509381	2.650961354	0.498599442	2.65840786
91.20108394	2.662442398	0.498631279	2.66975069
93.32543008	2.673924167	0.498662393	2.68109667
95.4992586	2.685406645	0.498692801	2.69244577
97.7237221	2.696889814	0.498722519	2.70379792
100	2.70837366	0.498751561	2.71515307
102.3292992	2.719858167	0.498779944	2.72651116
104.7128548	2.731343321	0.498807683	2.73787214
107.1519305	2.742829105	0.498834792	2.74923597
109.6478196	2.754315507	0.498861285	2.76060259
112.2018454	2.765802512	0.498887177	2.77197194
114.8153622	2.777290106	0.49891248	2.78334399
117.4897555	2.788778276	0.498937209	2.79471868
120.2264435	2.800267009	0.498961376	2.80609597
123.0268771	2.811756293	0.498984993	2.81747581
125.8925412	2.823246113	0.499008075	2.82885814
128.8249552	2.83473646	0.499030632	2.84024294
131.8256739	2.846227319	0.499052677	2.85163015
134.8962883	2.857718681	0.49907422	2.86301973
138.0384265	2.869210533	0.499095275	2.87441164
141.2537545	2.880702864	0.49911585	2.88580583
144.5439771	2.892195664	0.499135959	2.89720227
147.9108388	2.903688921	0.49915561	2.90860091
151.3561248	2.915182625	0.499174815	2.92000171
154.8816619	2.926676767	0.499193583	2.93140463
158.4893192	2.938171336	0.499211925	2.94280965
162.1810097	2.949666323	0.49922985	2.95421670
165.9586907	2.961161717	0.499247368	2.96562577
169.8243652	2.97265751	0.499264487	2.97703681
173.7800829	2.984153694	0.499281217	2.98844979
177.827941	2.995650257	0.499297567	2.99986466
181.9700859	3.007147194	0.499313546	3.01128141
186.2087137	3.018644493	0.499329161	3.02269999
190.5460718	3.030142148	0.499344421	3.03412036
194.98446	3.041640151	0.499359334	3.04554250
199.5262315	3.053138493	0.499373908	3.05696638
204.1737945	3.064637167	0.499388151	3.06839195
208.9296131	3.076136165	0.49940207	3.07981920
213.796209	3.08763548	0.499415673	3.09124808
218.7761624	3.099135104	0.499428966	3.10267857
223.8721139	3.110635031	0.499441957	3.11411065
229.0867653	3.122135254	0.499454653	3.12554427
234.4228815	3.133635766	0.49946706	3.13697941
239.8832919	3.14513656	0.499479185	3.14841605
245.4708916	3.15663763	0.499491034	3.15985415
251.1886432	3.16813897	0.499502614	3.17129369
257.0395783	3.179640573	0.49951393	3.18273464
263.0267992	3.191142434	0.499524989	3.19417697
269.1534804	3.202644547	0.499535797	3.20562067
275.4228703	3.214146906	0.499546358	3.21706570
281.8382931	3.225649505	0.49955668	3.22851203
288.4031503	3.23715234	0.499566767	3.23995966
295.1209227	3.248655404	0.499576624	3.25140854
301.995172	3.260158692	0.499586257	3.26285866
309.0295433	3.271662199	0.499595671	3.27430999
316.227766	3.283165921	0.499604872	3.28576252
323.5936569	3.294669852	0.499613862	3.29721621
331.1311215	3.306173988	0.499622649	3.30867105
338.8441561	3.317678324	0.499631235	3.32012702
346.7368505	3.329182855	0.499639626	3.33158409
354.8133892	3.340687577	0.499647826	3.34304224
363.0780548	3.352192487	0.49965584	3.35450146
371.5352291	3.363697578	0.499663671	3.36596172
380.1893963	3.375202848	0.499671325	3.37742300
389.045145	3.386708291	0.499678804	3.38888529
398.1071706	3.398213906	0.499686113	3.40034856
407.3802778	3.409719686	0.499693256	3.41181280
416.8693835	3.421225629	0.499700236	3.42327798
426.5795188	3.432731731	0.499707057	3.43474410
436.5158322	3.444237988	0.499713724	3.44621113
446.6835922	3.455744397	0.499720238	3.45767905
457.0881896	3.467250955	0.499726605	3.46914785
467.7351413	3.478757657	0.499732826	3.48061752
478.6300923	3.490264501	0.499738906	3.49208803
489.7788194	3.501771483	0.499744848	3.50355936
501.1872336	3.5132786	0.499750654	3.51503152
512.861384	3.52478585	0.499756329	3.52650447
524.8074603	3.536293229	0.499761874	3.53797820
537.0317964	3.547800734	0.499767293	3.54945270
549.5408739	3.559308362	0.499772589	3.56092795
562.3413252	3.570816111	0.499777764	3.57240394
575.4399373	3.582323978	0.499782822	3.58388066
588.8436554	3.59383196	0.499787765	3.59535808
602.5595861	3.605340054	0.499792595	3.60683621
616.5950019	3.616848259	0.499797315	3.61831502
630.9573445	3.62835657	0.499801928	3.62979449
645.654229	3.639864987	0.499806435	3.64127463
660.693448	3.651373506	0.499810841	3.65275541
676.0829754	3.662882126	0.499815146	3.66423683
691.8309709	3.674390844	0.499819353	3.67571886
707.9457844	3.685899657	0.499823464	3.68720151
724.4359601	3.697408564	0.499827482	3.69868475
741.3102413	3.708917563	0.499831408	3.71016857
758.577575	3.720426651	0.499835245	3.72165297
776.2471166	3.731935826	0.499838995	3.73313794
794.3282347	3.743445086	0.499842659	3.74462345
812.8305162	3.75495443	0.49984624	3.75610951
831.7637711	3.766463856	0.49984974	3.76759610
851.1380382	3.777973361	0.499853159	3.77908321
870.96359	3.789482944	0.499856501	3.79057083
891.2509381	3.800992603	0.499859767	3.80205895
912.0108394	3.812502336	0.499862959	3.81354756
933.2543008	3.824012142	0.499866078	3.82503666
954.992586	3.835522019	0.499869126	3.83652622
977.237221	3.847031966	0.499872105	3.84801625
1000	3.85854198	0.499875016	3.85950674