td	t	rD=1	Dp		Dp'	Dp/2Dp'
0.01000000	0.00000001	0.10809625	1.22105524	-18.55239929		
0.01023293	0.00000001	0.10929550	1.23460192	-18.52937344	0.31083036	1.98597383
0.01047129	0.00000001	0.11050747	1.24829233	-18.50634759	0.31412748	1.98691996
0.01071519	0.00000001	0.11173229	1.26212797	-18.48332174	0.31745473	1.98788657
0.01096478	0.00000001	0.11297009	1.27611015	-18.46029589	0.32081460	1.98885921
0.01122018	0.00000001	0.11422099	1.29024030	-18.43727004	0.32420496	1.98985280
0.01148154	0.00000001	0.11548511	1.30451978	-18.41424419	0.32763049	1.99084001
0.01174898	0.00000001	0.11676258	1.31895012	-18.39121834	0.33108548	1.99185742
0.01202264	0.00000001	0.11805353	1.33353263	-18.36819248	0.33457650	1.99286655
0.01230269	0.00000001	0.11935808	1.34826890	-18.34516663	0.33809790	1.99390307
0.01258925	0.00000001	0.12067637	1.36316025	-18.32214078	0.34165481	1.99493791
0.01288250	0.00000001	0.12200852	1.37820827	-18.29911493	0.34524260	1.99599972
0.01318257	0.00000001	0.12335466	1.39341429	-18.27608908	0.34886723	1.99705528
0.01348963	0.00000001	0.12471494	1.40877996	-18.25306323	0.35252403	1.99813324
0.01380384	0.00000001	0.12608947	1.42430667	-18.23003738	0.35621436	1.99922692
0.01412538	0.00000001	0.12747839	1.43999592	-18.20701153	0.35994179	2.00031776
0.01445440	0.00000001	0.12888185	1.45584933	-18.18398568	0.36370148	2.00143446
0.01479108	0.00000001	0.13029996	1.47186833	-18.16095983	0.36749651	2.00256098
0.01513561	0.00000001	0.13173287	1.48805447	-18.13793398	0.37132808	2.00369236
0.01548817	0.00000001	0.13318072	1.50440936	-18.11490812	0.37519416	2.00484111
0.01584893	0.00000001	0.13464364	1.52093452	-18.09188227	0.37909556	2.00600413
0.01621810	0.00000001	0.13612177	1.53763150	-18.06885642	0.38303307	2.00717849
0.01659587	0.00000001	0.13761525	1.55450190	-18.04583057	0.38700737	2.00836216
0.01698244	0.00000001	0.13912423	1.57154734	-18.02280472	0.39101615	2.00956835
0.01737801	0.00000002	0.14064884	1.58876932	-17.99977887	0.39506354	2.01077698
0.01778279	0.00000002	0.14218923	1.60616957	-17.97675302	0.39914720	2.01200154
0.01819701	0.00000002	0.14374554	1.62374967	-17.95372717	0.40326637	2.01324707
0.01862087	0.00000002	0.14531792	1.64151118	-17.93070132	0.40742476	2.01449608
0.01905461	0.00000002	0.14690650	1.65945583	-17.90767547	0.41161982	2.01576278
0.01949845	0.00000002	0.14851144	1.67758524	-17.88464961	0.41585224	2.01704488
0.01995262	0.00000002	0.15013288	1.69590106	-17.86162376	0.42012271	2.01834012
0.02041738	0.00000002	0.15177098	1.71440495	-17.83859791	0.42443182	2.01964704
0.02089296	0.00000002	0.15342587	1.73309862	-17.81557206	0.42877915	2.02096885
0.02137962	0.00000002	0.15509771	1.75198376	-17.79254621	0.43316418	2.02230915
0.02187762	0.00000002	0.15678665	1.77106201	-17.76952036	0.43758875	2.02366036
0.02238721	0.00000002	0.15849284	1.79033513	-17.74649451	0.44205300	2.02502316
0.02290868	0.00000002	0.16021644	1.80980486	-17.72346866	0.44655449	2.02640989
0.02344229	0.00000002	0.16195758	1.82947284	-17.70044281	0.45109698	2.02780436
0.02398833	0.00000002	0.16371644	1.84934088	-17.67741696	0.45567877	2.02921555
0.02454709	0.00000002	0.16549316	1.86941071	-17.65439111	0.46030018	2.03064303
0.02511886	0.00000002	0.16728790	1.88968407	-17.63136525	0.46496228	2.03208320
0.02570396	0.00000002	0.16910081	1.91016275	-17.60833940	0.46966373	2.03354295
0.02630268	0.00000002	0.17093205	1.93084848	-17.58531355	0.47440603	2.03501679
0.02691535	0.00000002	0.17278179	1.95174308	-17.56228770	0.47918913	2.03650599
0.02754229	0.00000002	0.17465017	1.97284832	-17.53926185	0.48401280	2.03801253
0.02818383	0.00000002	0.17653736	1.99416600	-17.51623600	0.48887813	2.03953283
0.02884032	0.00000003	0.17844352	2.01569795	-17.49321015	0.49378398	2.04107265
0.02951209	0.00000003	0.18036880	2.03744596	-17.47018430	0.49873182	2.04262680
0.03019952	0.00000003	0.18231337	2.05941188	-17.44715845	0.50372099	2.04419899
0.03090295	0.00000003	0.18427740	2.08159752	-17.42413260	0.50875267	2.04578534
0.03162278	0.00000003	0.18626104	2.10400476	-17.40110675	0.51382528	2.04739320
0.03235937	0.00000003	0.18826447	2.12663540	-17.37808089	0.51894035	2.04901721
0.03311311	0.00000003	0.19028783	2.14949131	-17.35505504	0.52409869	2.05065511
0.03388442	0.00000003	0.19233130	2.17257439	-17.33202919	0.52929835	2.05231547
0.03467369	0.00000003	0.19439505	2.19588646	-17.30900334	0.53454166	2.05399001
0.03548134	0.00000003	0.19647924	2.21942946	-17.28597749	0.53982714	2.05568533
0.03630781	0.00000003	0.19858403	2.24320522	-17.26295164	0.54515676	2.05739467
0.03715352	0.00000003	0.20070961	2.26721570	-17.23992579	0.55052878	2.05912551
0.03801894	0.00000003	0.20285612	2.29146276	-17.21689994	0.55594364	2.06087685
0.03890451	0.00000003	0.20502375	2.31594830	-17.19387409	0.56140350	2.06264147
0.03981072	0.00000003	0.20721267	2.34067428	-17.17084824	0.56690624	2.06442805
0.04073803	0.00000004	0.20942304	2.36564261	-17.14782239	0.57245240	2.06623520
0.04168694	0.00000004	0.21165503	2.39085518	-17.12479653	0.57804362	2.06805775
0.04265795	0.00000004	0.21390882	2.41631399	-17.10177068	0.58367797	2.06990335
0.04365158	0.00000004	0.21618457	2.44202093	-17.07874483	0.58935721	2.07176640
0.04466836	0.00000004	0.21848247	2.46797799	-17.05571898	0.59508082	2.07364940
0.04570882	0.00000004	0.22080268	2.49418711	-17.03269313	0.60084860	2.07555373
0.04677351	0.00000004	0.22314538	2.52065023	-17.00966728	0.60666131	2.07747733
0.04786301	0.00000004	0.22551074	2.54736935	-16.98664143	0.61251898	2.07942074
0.04897788	0.00000004	0.22789894	2.57434643	-16.96361558	0.61842097	2.08138674
0.05011872	0.00000004	0.23031015	2.60158342	-16.94058973	0.62436853	2.08337167
0.05128614	0.00000004	0.23274454	2.62908235	-16.91756388	0.63036125	2.08537752
0.05248075	0.00000005	0.23520230	2.65684518	-16.89453802	0.63639898	2.08740527
0.05370318	0.00000005	0.23768360	2.68487391	-16.87151217	0.64248147	2.08945631
0.05495409	0.00000005	0.24018861	2.71317051	-16.84848632	0.64861069	2.09152466
0.05623413	0.00000005	0.24271751	2.74173703	-16.82546047	0.65478417	2.09361891
0.05754399	0.00000005	0.24527049	2.77057542	-16.80243462	0.66100389	2.09573307
0.05888437	0.00000005	0.24784771	2.79968771	-16.77940877	0.66726898	2.09787041
0.06025596	0.00000005	0.25044936	2.82907592	-16.75638292	0.67357969	2.10003058
0.06165950	0.00000005	0.25307560	2.85874203	-16.73335707	0.67993658	2.10221226
0.06309573	0.00000006	0.25572664	2.88868809	-16.71033122	0.68633955	2.10441615
0.06456542	0.00000006	0.25840263	2.91891613	-16.68730537	0.69278789	2.10664487
0.06606934	0.00000006	0.26110377	2.94942814	-16.66427952	0.69928244	2.10889619
0.06760830	0.00000006	0.26383022	2.98022615	-16.64125366	0.70582258	2.11117229
0.06918310	0.00000006	0.26658217	3.01131218	-16.61822781	0.71240920	2.11347088
0.07079458	0.00000006	0.26935980	3.04268828	-16.59520196	0.71904213	2.11579275
0.07244360	0.00000006	0.27216328	3.07435647	-16.57217611	0.72572062	2.11814048
0.07413102	0.00000006	0.27499281	3.10631876	-16.54915026	0.73244574	2.12051119
0.07585776	0.00000007	0.27784855	3.13857722	-16.52612441	0.73921638	2.12290833
0.07762471	0.00000007	0.28073069	3.17113383	-16.50309856	0.74603319	2.12533027
0.07943282	0.00000007	0.28363940	3.20399064	-16.48007271	0.75289704	2.12777478
0.08128305	0.00000007	0.28657487	3.23714972	-16.45704686	0.75980587	2.13024791
0.08317638	0.00000007	0.28953727	3.27061304	-16.43402101	0.76676157	2.13274450
0.08511380	0.00000007	0.29252679	3.30438267	-16.41099516	0.77376291	2.13526819
0.08709636	0.00000008	0.29554361	3.33846062	-16.38796930	0.78081059	2.13781720
0.08912509	0.00000008	0.29858790	3.37284893	-16.36494345	0.78790405	2.14039319
0.09120108	0.00000008	0.30165985	3.40754962	-16.34191760	0.79504357	2.14299551
0.09332543	0.00000008	0.30475962	3.44256470	-16.31889175	0.80222923	2.14562406
0.09549926	0.00000008	0.30788741	3.47789622	-16.29586590	0.80946020	2.14828117
0.09772372	0.00000009	0.31104339	3.51354616	-16.27284005	0.81673747	2.15096422
0.10000000	0.00000009	0.31422774	3.54951657	-16.24981420	0.82406016	2.15367563
0.10232930	0.00000009	0.31744064	3.58580945	-16.22678835	0.83142879	2.15641405
0.10471285	0.00000009	0.32068226	3.62242681	-16.20376250	0.83884269	2.15918123
0.10715193	0.00000009	0.32395278	3.65937065	-16.18073665	0.84630195	2.16197697
0.10964782	0.00000010	0.32725239	3.69664297	-16.15771080	0.85380642	2.16480158
0.11220185	0.00000010	0.33058125	3.73424575	-16.13468494	0.86135667	2.16765359
0.11481536	0.00000010	0.33393954	3.77218102	-16.11165909	0.86895148	2.17053604
0.11748976	0.00000010	0.33732744	3.81045073	-16.08863324	0.87659163	2.17344690
0.12022644	0.00000011	0.34074512	3.84905688	-16.06560739	0.88427630	2.17638813
0.12302688	0.00000011	0.34419276	3.88800143	-16.04258154	0.89200565	2.17935919
0.12589254	0.00000011	0.34767053	3.92728635	-16.01955569	0.89977958	2.18236022
0.12882496	0.00000011	0.35117861	3.96691359	-15.99652984	0.90759790	2.18539156
0.13182567	0.00000012	0.35471717	4.00688512	-15.97350399	0.91546008	2.18845431
0.13489629	0.00000012	0.35828637	4.04720286	-15.95047814	0.92336647	2.19154744
0.13803843	0.00000012	0.36188640	4.08786875	-15.92745229	0.93131664	2.19467181
0.14125375	0.00000012	0.36551742	4.12888473	-15.90442643	0.93931042	2.19782760
0.14454398	0.00000013	0.36917960	4.17025272	-15.88140058	0.94734741	2.20101553
0.14791084	0.00000013	0.37287311	4.21197462	-15.85837473	0.95542748	2.20423565
0.15135612	0.00000013	0.37659812	4.25405231	-15.83534888	0.96355051	2.20748798
0.15488166	0.00000014	0.38035479	4.29648770	-15.81232303	0.97171611	2.21077311
0.15848932	0.00000014	0.38414330	4.33928266	-15.78929718	0.97992442	2.21409049
0.16218101	0.00000014	0.38796380	4.38243907	-15.76627133	0.98817451	2.21744187
0.16595869	0.00000015	0.39181646	4.42595876	-15.74324548	0.99646647	2.22082675
0.16982437	0.00000015	0.39570145	4.46984358	-15.72021963	1.00480034	2.22424466
0.17378008	0.00000015	0.39961893	4.51409538	-15.69719378	1.01317518	2.22769737
0.17782794	0.00000016	0.40356905	4.55871595	-15.67416793	1.02159119	2.23118406
0.18197009	0.00000016	0.40755197	4.60370711	-15.65114207	1.03004782	2.23470552
0.18620871	0.00000016	0.41156787	4.64907064	-15.62811622	1.03854473	2.23826211
0.19054607	0.00000017	0.41561688	4.69480833	-15.60509037	1.04708172	2.24185382
0.19498446	0.00000017	0.41969918	4.74092193	-15.58206452	1.05565834	2.24548120
0.19952623	0.00000017	0.42381491	4.78741318	-15.55903867	1.06427449	2.24914400
0.20417379	0.00000018	0.42796422	4.83428383	-15.53601282	1.07292957	2.25284303
0.20892961	0.00000018	0.43214727	4.88153559	-15.51298697	1.08162313	2.25657878
0.21379621	0.00000019	0.43636421	4.92917015	-15.48996112	1.09035482	2.26035142
0.21877616	0.00000019	0.44061519	4.97718919	-15.46693527	1.09912467	2.26416044
0.22387211	0.00000020	0.44490035	5.02559440	-15.44390942	1.10793156	2.26800760
0.22908677	0.00000020	0.44921985	5.07438739	-15.42088357	1.11677587	2.27189157
0.23442288	0.00000021	0.45357382	5.12356982	-15.39785771	1.12565634	2.27581440
0.23988329	0.00000021	0.45796240	5.17314327	-15.37483186	1.13457330	2.27977481
0.24547089	0.00000022	0.46238574	5.22310936	-15.35180601	1.14352569	2.28377439
0.25118864	0.00000022	0.46684398	5.27346964	-15.32878016	1.15251358	2.28781238
0.25703958	0.00000023	0.47133726	5.32422568	-15.30575431	1.16153623	2.29188964
0.26302680	0.00000023	0.47586570	5.37537900	-15.28272846	1.17059310	2.29600661
0.26915348	0.00000024	0.48042945	5.42693110	-15.25970261	1.17968391	2.30016322
0.27542287	0.00000024	0.48502864	5.47888349	-15.23667676	1.18880805	2.30436003
0.28183829	0.00000025	0.48966339	5.53123763	-15.21365091	1.19796493	2.30859748
0.28840315	0.00000025	0.49433383	5.58399496	-15.19062506	1.20715434	2.31287533
0.29512092	0.00000026	0.49904009	5.63715690	-15.16759921	1.21637524	2.31719487
0.30199517	0.00000026	0.50378230	5.69072486	-15.14457335	1.22562758	2.32155547
0.30902954	0.00000027	0.50856057	5.74470020	-15.12154750	1.23491071	2.32595773
0.31622777	0.00000028	0.51337502	5.79908428	-15.09852165	1.24422389	2.33040224
0.32359366	0.00000028	0.51822578	5.85387843	-15.07549580	1.25356659	2.33488930
0.33113112	0.00000029	0.52311295	5.90908394	-15.05246995	1.26293855	2.33941863
0.33884416	0.00000030	0.52803666	5.96470210	-15.02944410	1.27233871	2.34399144
0.34673685	0.00000030	0.53299700	6.02073415	-15.00641825	1.28176689	2.34860731
0.35481339	0.00000031	0.53799410	6.07718133	-14.98339240	1.29122226	2.35326695
0.36307805	0.00000032	0.54302805	6.13404482	-14.96036655	1.30070410	2.35797090
0.37153523	0.00000033	0.54809896	6.19132580	-14.93734070	1.31021206	2.36271898
0.38018940	0.00000033	0.55320692	6.24902541	-14.91431485	1.31974546	2.36751162
0.38904514	0.00000034	0.55835205	6.30714477	-14.89128899	1.32930351	2.37234940
0.39810717	0.00000035	0.56353443	6.36568496	-14.86826314	1.33888552	2.37723273
0.40738028	0.00000036	0.56875416	6.42464704	-14.84523729	1.34849097	2.38216168
0.41686938	0.00000037	0.57401134	6.48403204	-14.82221144	1.35811940	2.38713623
0.42657952	0.00000037	0.57930603	6.54384097	-14.79918559	1.36776957	2.39215769
0.43651583	0.00000038	0.58463835	6.60407478	-14.77615974	1.37744131	2.39722548
0.44668359	0.00000039	0.59000836	6.66473443	-14.75313389	1.38713372	2.40234029
0.45708819	0.00000040	0.59541615	6.72582082	-14.73010804	1.39684588	2.40750282
0.46773514	0.00000041	0.60086179	6.78733482	-14.70708219	1.40657753	2.41271266
0.47863009	0.00000042	0.60634537	6.84927728	-14.68405634	1.41632764	2.41797064
0.48977882	0.00000043	0.61186695	6.91164902	-14.66103048	1.42609564	2.42327683
0.50118723	0.00000044	0.61742660	6.97445083	-14.63800463	1.43588048	2.42863209
0.51286138	0.00000045	0.62302438	7.03768344	-14.61497878	1.44568178	2.43403616
0.52480746	0.00000046	0.62866037	7.10134758	-14.59195293	1.45549865	2.43948958
0.53703180	0.00000047	0.63433463	7.16544393	-14.56892708	1.46533038	2.44499263
0.54954087	0.00000048	0.64004720	7.22997314	-14.54590123	1.47517598	2.45054599
0.56234133	0.00000049	0.64579814	7.29493582	-14.52287538	1.48503494	2.45614955
0.57543994	0.00000050	0.65158751	7.36033257	-14.49984953	1.49490638	2.46180384
0.58884366	0.00000052	0.65741536	7.42616392	-14.47682368	1.50478953	2.46750916
0.60255959	0.00000053	0.66328173	7.49243039	-14.45379783	1.51468353	2.47326595
0.61659500	0.00000054	0.66918666	7.55913246	-14.43077198	1.52458754	2.47907459
0.63095734	0.00000055	0.67513018	7.62627057	-14.40774612	1.53450102	2.48493499
0.64565423	0.00000057	0.68111235	7.69384513	-14.38472027	1.54442283	2.49084803
0.66069345	0.00000058	0.68713319	7.76185650	-14.36169442	1.55435228	2.49681382
0.67608298	0.00000059	0.69319273	7.83030503	-14.33866857	1.56428867	2.50283250
0.69183097	0.00000061	0.69929099	7.89919102	-14.31564272	1.57423089	2.50890485
0.70794578	0.00000062	0.70542800	7.96851471	-14.29261687	1.58417841	2.51503071
0.72443596	0.00000064	0.71160378	8.03827635	-14.26959102	1.59413013	2.52121084
0.74131024	0.00000065	0.71781835	8.10847611	-14.24656517	1.60408542	2.52744524
0.75857758	0.00000066	0.72407172	8.17911416	-14.22353932	1.61404329	2.53373445
0.77624712	0.00000068	0.73036390	8.25019059	-14.20051347	1.62400287	2.54007883
0.79432823	0.00000070	0.73669489	8.32170550	-14.17748762	1.63396337	2.54647860
0.81283052	0.00000071	0.74306471	8.39365891	-14.15446176	1.64392399	2.55293401
0.83176377	0.00000073	0.74947334	8.46605083	-14.13143591	1.65388373	2.55944558
0.85113804	0.00000075	0.75592079	8.53888122	-14.10841006	1.66384183	2.56601350
0.87096359	0.00000076	0.76240705	8.61215000	-14.08538421	1.67379732	2.57263825
0.89125094	0.00000078	0.76893211	8.68585707	-14.06235836	1.68374941	2.57932001
0.91201084	0.00000080	0.77549595	8.76000226	-14.03933251	1.69369725	2.58605907
0.93325430	0.00000082	0.78209856	8.83458539	-14.01630666	1.70363980	2.59285601
0.95499259	0.00000084	0.78873993	8.90960622	-13.99328081	1.71357636	2.59971088
0.97723722	0.00000086	0.79542001	8.98506449	-13.97025496	1.72350596	2.60662414
1.00000000	0.00000088	0.80213880	9.06095989	-13.94722911	1.73342772	2.61359610
1.02329299	0.00000090	0.80889625	9.13729207	-13.92420326	1.74334084	2.62062698
1.04712855	0.00000092	0.81569234	9.21406066	-13.90117740	1.75324430	2.62771727
1.07151931	0.00000094	0.82252702	9.29126522	-13.87815155	1.76313734	2.63486712
1.09647820	0.00000096	0.82940026	9.36890529	-13.85512570	1.77301900	2.64207696
1.12201845	0.00000098	0.83631200	9.44698038	-13.83209985	1.78288849	2.64934695
1.14815362	0.00000101	0.84326221	9.52548994	-13.80907400	1.79274473	2.65667771
1.17489755	0.00000103	0.85025083	9.60443338	-13.78604815	1.80258709	2.66406916
1.20226443	0.00000105	0.85727781	9.68381011	-13.76302230	1.81241450	2.67152191
1.23026877	0.00000108	0.86434308	9.76361945	-13.73999645	1.82222619	2.67903608
1.25892541	0.00000110	0.87144659	9.84386071	-13.71697060	1.83202124	2.68661205
1.28824955	0.00000113	0.87858828	9.92453316	-13.69394475	1.84179878	2.69425011
1.31825674	0.00000116	0.88576806	10.00563602	-13.67091889	1.85155793	2.70195058
1.34896288	0.00000118	0.89298588	10.08716849	-13.64789304	1.86129783	2.70971370
1.38038426	0.00000121	0.90024165	10.16912971	-13.62486719	1.87101762	2.71753980
1.41253754	0.00000124	0.90753531	10.25151881	-13.60184134	1.88071642	2.72542917
1.44543977	0.00000127	0.91486675	10.33433484	-13.57881549	1.89039337	2.73338211
1.47910839	0.00000130	0.92223591	10.41757685	-13.55578964	1.90004765	2.74139884
1.51356125	0.00000133	0.92964269	10.50124384	-13.53276379	1.90967841	2.74947964
1.54881662	0.00000136	0.93708700	10.58533478	-13.50973794	1.91928469	2.75762497
1.58489319	0.00000139	0.94456875	10.66984857	-13.48671209	1.92886581	2.76583485
1.62181010	0.00000142	0.95208783	10.75478412	-13.46368624	1.93842082	2.77410973
1.65958691	0.00000145	0.95964415	10.84014027	-13.44066039	1.94794894	2.78244980
1.69824365	0.00000149	0.96723759	10.92591584	-13.41763453	1.95744936	2.79085530
1.73780083	0.00000152	0.97486806	11.01210961	-13.39460868	1.96692114	2.79932666
1.77827941	0.00000156	0.98253544	11.09872030	-13.37158283	1.97636364	2.80786391
1.81970086	0.00000160	0.99023961	11.18574664	-13.34855698	1.98577592	2.81646749
1.86208714	0.00000163	0.99798046	11.27318729	-13.32553113	1.99515723	2.82513757
1.90546072	0.00000167	1.00575787	11.36104089	-13.30250528	2.00450681	2.83387436
1.94984460	0.00000171	1.01357171	11.44930603	-13.27947943	2.01382380	2.84267820
1.99526231	0.00000175	1.02142186	11.53798128	-13.25645358	2.02310750	2.85154923
2.04173794	0.00000179	1.02930818	11.62706518	-13.23342773	2.03235706	2.86048780
2.08929613	0.00000183	1.03723054	11.71655622	-13.21040188	2.04157180	2.86949403
2.13796209	0.00000187	1.04518882	11.80645286	-13.18737603	2.05075088	2.87856828
2.18776162	0.00000192	1.05318286	11.89675353	-13.16435017	2.05989366	2.88771061
2.23872114	0.00000196	1.06121252	11.98745664	-13.14132432	2.06899929	2.89692140
2.29086765	0.00000201	1.06927767	12.07856055	-13.11829847	2.07806711	2.90620079
2.34422882	0.00000205	1.07737815	12.17006358	-13.09527262	2.08709643	2.91554894
2.39883292	0.00000210	1.08551382	12.26196406	-13.07224677	2.09608648	2.92496616
2.45470892	0.00000215	1.09368451	12.35426023	-13.04922092	2.10503658	2.93445262
2.51188643	0.00000220	1.10189008	12.44695035	-13.02619507	2.11394604	2.94400853
2.57039578	0.00000225	1.11013037	12.54003263	-13.00316922	2.12281422	2.95363403
2.63026799	0.00000231	1.11840521	12.63350524	-12.98014337	2.13164042	2.96332935
2.69153480	0.00000236	1.12671444	12.72736633	-12.95711752	2.14042398	2.97309469
2.75422870	0.00000241	1.13505790	12.82161404	-12.93409167	2.14916429	2.98293018
2.81838293	0.00000247	1.14343541	12.91624644	-12.91106581	2.15786069	2.99283603
2.88403150	0.00000253	1.15184681	13.01126162	-12.88803996	2.16651257	3.00281240
2.95120923	0.00000259	1.16029193	13.10665760	-12.86501411	2.17511926	3.01285953
3.01995172	0.00000265	1.16877057	13.20243239	-12.84198826	2.18368031	3.02297739
3.09029543	0.00000271	1.17728258	13.29858400	-12.81896241	2.19219495	3.03316638
3.16227766	0.00000277	1.18582776	13.39511036	-12.79593656	2.20066275	3.04342644
3.23593657	0.00000284	1.19440593	13.49200942	-12.77291071	2.20908309	3.05375779
3.31131121	0.00000290	1.20301692	13.58927909	-12.74988486	2.21745539	3.06416065
3.38844156	0.00000297	1.21166052	13.68691725	-12.72685901	2.22577921	3.07463498
3.46736850	0.00000304	1.22033656	13.78492177	-12.70383316	2.23405389	3.08518112
3.54813389	0.00000311	1.22904484	13.88329048	-12.68080730	2.24227908	3.09579896
3.63078055	0.00000318	1.23778516	13.98202120	-12.65778145	2.25045413	3.10648883
3.71535229	0.00000326	1.24655734	14.08111172	-12.63475560	2.25857864	3.11725070
3.80189396	0.00000333	1.25536117	14.18055983	-12.61172975	2.26665214	3.12808471
3.89045145	0.00000341	1.26419646	14.28036326	-12.58870390	2.27467415	3.13899098
3.98107171	0.00000349	1.27306301	14.38051976	-12.56567805	2.28264420	3.14996962
4.07380278	0.00000357	1.28196061	14.48102703	-12.54265220	2.29056193	3.16102063
4.16869383	0.00000365	1.29088906	14.58188278	-12.51962635	2.29842684	3.17214420
4.26579519	0.00000374	1.29984815	14.68308467	-12.49660050	2.30623859	3.18334034
4.36515832	0.00000383	1.30883767	14.78463036	-12.47357465	2.31399679	3.19460908
4.46683592	0.00000392	1.31785743	14.88651750	-12.45054880	2.32170099	3.20595063
4.57088190	0.00000401	1.32690720	14.98874370	-12.42752294	2.32935093	3.21736488
4.67735141	0.00000410	1.33598677	15.09130659	-12.40449709	2.33694617	3.22885199
4.78630092	0.00000420	1.34509594	15.19420374	-12.38147124	2.34448646	3.24041192
4.89778819	0.00000429	1.35423448	15.29743274	-12.35844539	2.35197139	3.25204482
5.01187234	0.00000439	1.36340219	15.40099115	-12.33541954	2.35940074	3.26375059
5.12861384	0.00000450	1.37259884	15.50487653	-12.31239369	2.36677417	3.27552935
5.24807460	0.00000460	1.38182422	15.60908641	-12.28936784	2.37409140	3.28738111
5.37031796	0.00000471	1.39107811	15.71361832	-12.26634199	2.38135219	3.29930583
5.49540874	0.00000482	1.40036028	15.81846977	-12.24331614	2.38855626	3.31130358
5.62341325	0.00000493	1.40967053	15.92363826	-12.22029029	2.39570340	3.32337431
5.75439937	0.00000504	1.41900861	16.02912129	-12.19726444	2.40279341	3.33551800
5.88843655	0.00000516	1.42837432	16.13491634	-12.17423858	2.40982600	3.34773471
6.02559586	0.00000528	1.43776743	16.24102089	-12.15121273	2.41680106	3.36002436
6.16595002	0.00000540	1.44718771	16.34743240	-12.12818688	2.42371837	3.37238695
6.30957344	0.00000553	1.45663494	16.45414832	-12.10516103	2.43057776	3.38482245
6.45654229	0.00000566	1.46610890	16.56116612	-12.08213518	2.43737911	3.39733078
6.60693448	0.00000579	1.47560935	16.66848322	-12.05910933	2.44412225	3.40991193
6.76082975	0.00000593	1.48513607	16.77609707	-12.03608348	2.45080706	3.42256585
6.91830971	0.00000606	1.49468884	16.88400511	-12.01305763	2.45743344	3.43529245
7.07945784	0.00000621	1.50426742	16.99220475	-11.99003178	2.46400128	3.44809170
7.24435960	0.00000635	1.51387159	17.10069343	-11.96700593	2.47051054	3.46096346
7.41310241	0.00000650	1.52350111	17.20946855	-11.94398008	2.47696104	3.47390780
7.58577575	0.00000665	1.53315577	17.31852755	-11.92095422	2.48335282	3.48692449
7.76247117	0.00000680	1.54283532	17.42786782	-11.89792837	2.48968581	3.50001349
7.94328235	0.00000696	1.55253955	17.53748678	-11.87490252	2.49595997	3.51317469
8.12830516	0.00000713	1.56226822	17.64738184	-11.85187667	2.50217527	3.52640802
8.31763771	0.00000729	1.57202111	17.75755042	-11.82885082	2.50833173	3.53971331
8.51138038	0.00000746	1.58179797	17.86798991	-11.80582497	2.51442934	3.55309048
8.70963590	0.00000763	1.59159860	17.97869774	-11.78279912	2.52046810	3.56653943
8.91250938	0.00000781	1.60142274	18.08967130	-11.75977327	2.52644810	3.58005995
9.12010839	0.00000799	1.61127019	18.20090801	-11.73674742	2.53236930	3.59365200
9.33254301	0.00000818	1.62114069	18.31240529	-11.71372157	2.53823182	3.60731536
9.54992586	0.00000837	1.63103404	18.42416054	-11.69069571	2.54403571	3.62104990
9.77237221	0.00000857	1.64095000	18.53617120	-11.66766986	2.54978102	3.63485551
10.00000000	0.00000877	1.65088834	18.64843467	-11.64464401	2.55546785	3.64873201
10.23292992	0.00000897	1.66084883	18.76094839	-11.62161816	2.56109639	3.66267909
10.47128548	0.00000918	1.67083125	18.87370979	-11.59859231	2.56666658	3.67669684
10.71519305	0.00000939	1.68083537	18.98671630	-11.57556646	2.57217870	3.69078484
10.96478196	0.00000961	1.69086096	19.09996537	-11.55254061	2.57763277	3.70494307
11.22018454	0.00000984	1.70090779	19.21345443	-11.52951476	2.58302910	3.71917111
11.48153622	0.00001006	1.71097565	19.32718095	-11.50648891	2.58836753	3.73346920
11.74897555	0.00001030	1.72106430	19.44114238	-11.48346306	2.59364861	3.74783661
12.02264435	0.00001054	1.73117353	19.55533620	-11.46043721	2.59887221	3.76227352
12.30268771	0.00001078	1.74130310	19.66975986	-11.43741135	2.60456945	3.77600987
12.58925412	0.00001104	1.75145497	19.78443532	-11.41438550	2.60864190	3.79209491
12.88249552	0.00001129	1.76162241	19.89928671	-11.39135965	2.61417648	3.80603353
13.18256739	0.00001156	1.77181169	20.01438489	-11.36833380	2.61919707	3.82071001
13.48962883	0.00001182	1.78202044	20.12970290	-11.34530795	2.62413688	3.83549026
13.80384265	0.00001210	1.79224843	20.24523828	-11.32228210	2.62902059	3.85033848
14.12537545	0.00001238	1.80249545	20.36098855	-11.29925625	2.63384842	3.86525443
14.45439771	0.00001267	1.81276127	20.47695126	-11.27623040	2.63862062	3.88023786
14.79108388	0.00001297	1.82304568	20.59312395	-11.25320455	2.64333749	3.89528845
15.13561248	0.00001327	1.83334846	20.70950419	-11.23017870	2.64799930	3.91040590
15.48816619	0.00001358	1.84366940	20.82608956	-11.20715285	2.65260616	3.92559022
15.84893192	0.00001389	1.85400829	20.94287763	-11.18412699	2.65715858	3.94084075
16.21810097	0.00001422	1.86436491	21.05986601	-11.16110114	2.66165670	3.95615746
16.59586907	0.00001455	1.87473905	21.17705232	-11.13807529	2.66610086	3.97153998
16.98243652	0.00001489	1.88513050	21.29443417	-11.11504944	2.67049140	3.98698797
17.37800829	0.00001523	1.89553906	21.41200921	-11.09202359	2.67482848	4.00250135
17.78279410	0.00001559	1.90596451	21.52977509	-11.06899774	2.67911262	4.01807951
18.19700859	0.00001595	1.91640665	21.64772946	-11.04597189	2.68334398	4.03372241
18.62087137	0.00001632	1.92686526	21.76587002	-11.02294604	2.68752295	4.04942960
19.05460718	0.00001670	1.93734016	21.88419445	-10.99992019	2.69164992	4.06520074
19.49844600	0.00001709	1.94783113	22.00270047	-10.97689434	2.69572510	4.08103564
19.95262315	0.00001749	1.95833798	22.12138580	-10.95386849	2.69974897	4.09693384
20.41737945	0.00001790	1.96886050	22.24024817	-10.93084263	2.70372175	4.11289515
20.89296131	0.00001831	1.97939849	22.35928534	-10.90781678	2.70764392	4.12891910
21.37962090	0.00001874	1.98995176	22.47849509	-10.88479093	2.71151570	4.14500552
21.87761624	0.00001918	2.00052011	22.59787519	-10.86176508	2.71533762	4.16115385
22.38721139	0.00001962	2.01110335	22.71742345	-10.83873923	2.71910989	4.17736399
22.90867653	0.00002008	2.02170128	22.83713769	-10.81571338	2.72283296	4.19363546
23.44228815	0.00002055	2.03231372	22.95701574	-10.79268753	2.72650726	4.20996784
23.98832919	0.00002103	2.04294046	23.07705545	-10.76966168	2.73013307	4.22636092
24.54708916	0.00002152	2.05358133	23.19725469	-10.74663583	2.73371081	4.24281432
25.11886432	0.00002202	2.06423613	23.31761134	-10.72360998	2.73724085	4.25932766
25.70395783	0.00002253	2.07490468	23.43812331	-10.70058412	2.74072363	4.27590054
26.30267992	0.00002306	2.08558680	23.55878852	-10.67755827	2.74415952	4.29253262
26.91534804	0.00002359	2.09628230	23.67960490	-10.65453242	2.74754889	4.30922357
27.54228703	0.00002414	2.10699101	23.80057040	-10.63150657	2.75089220	4.32597293
28.18382931	0.00002471	2.11771273	23.92168300	-10.60848072	2.75418980	4.34278041
28.84031503	0.00002528	2.12844730	24.04294069	-10.58545487	2.75744212	4.35964558
29.51209227	0.00002587	2.13919453	24.16434147	-10.56242902	2.76064949	4.37656819
30.19951720	0.00002647	2.14995426	24.28588336	-10.53940317	2.76381249	4.39354758
30.90295433	0.00002709	2.16072631	24.40756442	-10.51637732	2.76693132	4.41058372
31.62277660	0.00002772	2.17151051	24.52938270	-10.49335147	2.77000656	4.42767593
32.35936569	0.00002837	2.18230668	24.65133627	-10.47032562	2.77303856	4.44482392
33.11311215	0.00002903	2.19311466	24.77342325	-10.44729976	2.77602768	4.46202742
33.88441561	0.00002970	2.20393429	24.89564173	-10.42427391	2.77897447	4.47928579
34.67368505	0.00003039	2.21476539	25.01798987	-10.40124806	2.78187917	4.49659894
35.48133892	0.00003110	2.22560781	25.14046580	-10.37822221	2.78474239	4.51396615
36.30780548	0.00003183	2.23646138	25.26306770	-10.35519636	2.78756438	4.53138731
37.15352291	0.00003257	2.24732593	25.38579376	-10.33217051	2.79034566	4.54886184
38.01893963	0.00003333	2.25820133	25.50864218	-10.30914466	2.79308663	4.56638937
38.90451450	0.00003410	2.26908739	25.63161119	-10.28611881	2.79578769	4.58396954
39.81071706	0.00003490	2.27998398	25.75469904	-10.26309296	2.79844923	4.60160198
40.73802778	0.00003571	2.29089093	25.87790399	-10.24006711	2.80107176	4.61928615
41.68693835	0.00003654	2.30180810	26.00122431	-10.21704126	2.80365561	4.63702179
42.65795188	0.00003739	2.31273533	26.12465831	-10.19401540	2.80620124	4.65480841
43.65158322	0.00003826	2.32367248	26.24820431	-10.17098955	2.80870911	4.67264557
44.66835922	0.00003916	2.33461939	26.37186064	-10.14796370	2.81117951	4.69053302
45.70881896	0.00004007	2.34557593	26.49562566	-10.12493785	2.81361300	4.70847015
46.77351413	0.00004100	2.35654194	26.61949774	-10.10191200	2.81648839	4.72565374
47.86300923	0.00004196	2.36751924	26.74349730	-10.07888615	2.81850645	4.74426753
48.97788194	0.00004293	2.37850424	26.86758393	-10.05586030	2.82082549	4.76236195
50.11872336	0.00004393	2.38949835	26.99177334	-10.03283445	2.82312619	4.78047589
51.28613840	0.00004496	2.40050141	27.11606397	-10.00980860	2.82539135	4.79863859
52.48074603	0.00004600	2.41151330	27.24045426	-9.98678275	2.82762113	4.81685011
53.70317964	0.00004708	2.42253387	27.36494264	-9.96375690	2.82981566	4.83511047
54.95408739	0.00004817	2.43356299	27.48952756	-9.94073104	2.83049463	4.85595827
56.23413252	0.00004929	2.44459449	27.61413931	-9.91770519	2.83385829	4.87218069
57.54399373	0.00005044	2.45563958	27.73890472	-9.89467934	2.83600517	4.89048910
58.88436554	0.00005162	2.46669281	27.86376193	-9.87165349	2.83805911	4.90894672
60.25595861	0.00005282	2.47775403	27.98870949	-9.84862764	2.84008102	4.92744913
61.65950019	0.00005405	2.48882312	28.11374601	-9.82560179	2.84207125	4.94599600
63.09573445	0.00005531	2.49989997	28.23887008	-9.80257594	2.84403020	4.96458688
64.56542290	0.00005660	2.51098445	28.36408034	-9.77955009	2.84595830	4.98322135
66.06934480	0.00005792	2.52207644	28.48937542	-9.75652424	2.84785590	5.00189904
67.60829754	0.00005926	2.53317581	28.61475398	-9.73349839	2.84972340	5.02061954
69.18309709	0.00006065	2.54428246	28.74021469	-9.71047253	2.85156121	5.03938239
70.79457844	0.00006206	2.55539627	28.86575626	-9.68744668	2.85336968	5.05818725
72.44359601	0.00006350	2.56651712	28.99137739	-9.66442083	2.85514920	5.07703369
74.13102413	0.00006498	2.57764490	29.11707680	-9.64139498	2.85690017	5.09592129
75.85775750	0.00006650	2.58877950	29.24285324	-9.61836913	2.85862296	5.11484965
77.62471166	0.00006804	2.59992081	29.36870548	-9.59534328	2.86031793	5.13381837
79.43282347	0.00006963	2.61106872	29.49463227	-9.57231743	2.86198547	5.15282705
81.28305162	0.00007125	2.62222313	29.62063243	-9.54929158	2.86362591	5.17187534
83.17637711	0.00007291	2.63338392	29.74670476	-9.52626573	2.86523967	5.19096275
85.11380382	0.00007461	2.64455100	29.87284808	-9.50323988	2.86682708	5.21008892
87.09635900	0.00007635	2.65572426	29.99906123	-9.48021403	2.86838849	5.22925351
89.12509381	0.00007813	2.66690360	30.12534307	-9.45718817	2.86992432	5.24845601
91.20108394	0.00007995	2.67808892	30.25169247	-9.43416232	2.87143483	5.26769616
93.32543008	0.00008181	2.68928013	30.37810833	-9.41113647	2.87292045	5.28697346
95.49925860	0.00008371	2.70047712	30.50458954	-9.38811062	2.87438150	5.30628755
97.72372210	0.00008566	2.71167980	30.63113502	-9.36508477	2.87581830	5.32563810
100.00000000	0.00008766	2.72288808	30.75774372	-9.34205892	2.87723121	5.34502470
102.32929923	0.00008970	2.73410186	30.88441457	-9.31903307	2.87862065	5.36444678
104.71285481	0.00009179	2.74532105	31.01114654	-9.29600722	2.87998678	5.38390431
107.15193052	0.00009393	2.75654556	31.13793861	-9.27298137	2.88132428	5.40340753
109.64781962	0.00009612	2.76777527	31.26478950	-9.24995552	2.88265041	5.42292424
112.20184543	0.00009835	2.77901016	31.39169876	-9.22692967	2.88394945	5.44248423
114.81536215	0.00010065	2.79025010	31.51866515	-9.20390381	2.88523202	5.46206768
117.48975550	0.00010299	2.80149504	31.64568798	-9.18087796	2.88648140	5.48170655
120.22644346	0.00010539	2.81274484	31.77276574	-9.15785211	2.88771487	5.50136823
123.02687708	0.00010784	2.82399945	31.89989778	-9.13482626	2.88892775	5.52106189
125.89254118	0.00011036	2.83525878	32.02708317	-9.11180041	2.89011997	5.54078784
128.82495517	0.00011293	2.84652275	32.15432101	-9.08877456	2.89129186	5.56054570
131.82567386	0.00011556	2.85779129	32.28161040	-9.06574871	2.89244250	5.58033746
134.89628826	0.00011825	2.86906431	32.40895041	-9.04272286	2.89357712	5.60015322
138.03842646	0.00012100	2.88034174	32.53634034	-9.01969701	2.89469002	5.62000424
141.25375446	0.00012382	2.89162351	32.66377922	-8.99667116	2.89578361	5.63988606
144.54397708	0.00012671	2.90290954	32.79126620	-8.97364531	2.89685937	5.65979600
147.91083882	0.00012966	2.91419976	32.91880051	-8.95061945	2.89791455	5.67973968
151.35612485	0.00013268	2.92549409	33.04638124	-8.92759360	2.89895219	5.69971133
154.88166189	0.00013577	2.93679246	33.17400761	-8.90456775	2.89996268	5.71973009
158.48931925	0.00013893	2.94809476	33.30167842	-8.88154190	2.90097261	5.73974368
162.18100974	0.00014217	2.95940100	33.42939368	-8.85851605	2.90195771	5.75980028
165.95869075	0.00014548	2.97071107	33.55715227	-8.83549020	2.90292529	5.77988562
169.82436525	0.00014887	2.98202491	33.68495342	-8.81246435	2.90387601	5.79999858
173.78008288	0.00015233	2.99334246	33.81279639	-8.78943850	2.90480997	5.82013914
177.82794101	0.00015588	3.00466364	33.94068045	-8.76641265	2.90572767	5.84030652
181.97008586	0.00015951	3.01598839	34.06860487	-8.74338680	2.90662917	5.86050075
186.20871367	0.00016323	3.02731666	34.19656895	-8.72036094	2.90751482	5.88072135
190.54607180	0.00016703	3.03864837	34.32457200	-8.69733509	2.90838490	5.90096791
194.98445998	0.00017092	3.04998347	34.45261331	-8.67430924	2.90923957	5.92124032
199.52623150	0.00017490	3.06132190	34.58069223	-8.65128339	2.91007917	5.94153805
204.17379447	0.00017898	3.07266360	34.70880807	-8.62825754	2.93151248	5.91994888
208.92961309	0.00018315	3.08409253	34.83790926	-8.60523169	2.89205433	6.02303851
213.79620895	0.00018741	3.09535658	34.96514795	-8.58220584	2.91156046	6.00453750
218.77616240	0.00019178	3.10670775	35.09337071	-8.55917999	2.91329105	6.02297713
223.87211386	0.00019624	3.11806195	35.22162784	-8.53615414	2.91405856	6.04339740
229.08676528	0.00020081	3.12941915	35.34991874	-8.51312829	2.91481237	6.06384121
234.42288153	0.00020549	3.14077928	35.47824280	-8.49010244	2.91555275	6.08430816
239.88329190	0.00021028	3.15214230	35.60659942	-8.46707658	2.91627982	6.10479817
245.47089157	0.00021518	3.16350815	35.73498803	-8.44405073	2.91699383	6.12531088
251.18864315	0.00022019	3.17487677	35.86340805	-8.42102488	2.91769498	6.14584599
257.03957828	0.00022532	3.18624813	35.99185890	-8.39799903	2.91838354	6.16640314
263.02679919	0.00023057	3.19762217	36.12034005	-8.37497318	2.91905968	6.18698210
269.15348040	0.00023594	3.20899884	36.24885094	-8.35194733	2.91972359	6.20758263
275.42287034	0.00024143	3.22037810	36.37739104	-8.32892148	2.92037553	6.22820433
281.83829313	0.00024706	3.23175990	36.50595981	-8.30589563	2.92101564	6.24884702
288.40315032	0.00025281	3.24314419	36.63455674	-8.28286978	2.92164416	6.26951038
295.12092267	0.00025870	3.25453092	36.76318132	-8.25984393	2.92226119	6.29019429
301.99517204	0.00026473	3.26592006	36.89183304	-8.23681808	2.92286711	6.31089811
309.02954325	0.00027089	3.27731156	37.02051141	-8.21379222	2.92346188	6.33162206
316.22776602	0.00027720	3.28870538	37.14921595	-8.19076637	2.92404587	6.35236546
323.59365693	0.00028366	3.30010147	37.27794618	-8.16774052	2.92461920	6.37312819
331.13112149	0.00029027	3.31149979	37.40670162	-8.14471467	2.92518199	6.39391015
338.84415614	0.00029703	3.32290030	37.53548182	-8.12168882	2.92573455	6.41471076
346.73685046	0.00030395	3.33430297	37.66428633	-8.09866297	2.92627688	6.43553017
354.81338924	0.00031103	3.34570775	37.79311470	-8.07563712	2.92680936	6.45636768
363.07805477	0.00031827	3.35711460	37.92196648	-8.05261127	2.92733197	6.47722343
371.53522910	0.00032568	3.36852348	38.05084126	-8.02958542	2.92784499	6.49809696
380.18939632	0.00033327	3.37993437	38.17973860	-8.00655957	2.92834857	6.51898803
389.04514500	0.00034103	3.39134721	38.30865809	-7.98353372	2.92884285	6.53989647
398.10717056	0.00034898	3.40276198	38.43759933	-7.96050786	2.92932797	6.56082210
407.38027781	0.00035710	3.41417864	38.56656190	-7.93748201	2.92980416	6.58176447
416.86938347	0.00036542	3.42559715	38.69554543	-7.91445616	2.93027150	6.60272358
426.57951881	0.00037393	3.43701748	38.82454950	-7.89143031	2.93073018	6.62369906
436.51583224	0.00038264	3.44843960	38.95357376	-7.86840446	2.93118039	6.64469063
446.68359216	0.00039156	3.45986348	39.08261782	-7.84537861	2.93162216	6.66569833
457.08818962	0.00040068	3.47128907	39.21168131	-7.82235276	2.93205577	6.68672161
467.73514129	0.00041001	3.48271635	39.34076387	-7.79932691	2.93248127	6.70776048
478.63009233	0.00041956	3.49414529	39.46986516	-7.77630106	2.93289887	6.72881455
489.77881937	0.00042933	3.50557585	39.59898481	-7.75327521	2.93330862	6.74988381
501.18723363	0.00043933	3.51700801	39.72812248	-7.73024935	2.93371077	6.77096782
512.86138400	0.00044957	3.52844174	39.85727784	-7.70722350	2.93410538	6.79206652
524.80746026	0.00046004	3.53987700	39.98645057	-7.68419765	2.93449258	6.81317970
537.03179638	0.00047076	3.55131377	40.11564032	-7.66117180	2.93487254	6.83430707
549.54087386	0.00048172	3.56275202	40.24484679	-7.63814595	2.93524536	6.85544850
562.34132520	0.00049294	3.57419172	40.37406965	-7.61512010	2.93561118	6.87660374
575.43993734	0.00050442	3.58563284	40.50330861	-7.59209425	2.93597015	6.89777255
588.84365536	0.00051617	3.59707537	40.63256336	-7.56906840	2.93632232	6.91895489
602.55958608	0.00052820	3.60851926	40.76183360	-7.54604255	2.93666788	6.94015042
616.59500187	0.00054050	3.61996450	40.89111904	-7.52301670	2.93700691	6.96135902
630.95734449	0.00055309	3.63141106	41.02041939	-7.49999085	2.93733953	6.98258048
645.65422904	0.00056597	3.64285892	41.14973437	-7.47696499	2.93766590	7.00381456
660.69344802	0.00057916	3.65430805	41.27906371	-7.45393914	2.93798607	7.02506116
676.08297540	0.00059265	3.66575842	41.40840713	-7.43091329	2.93830018	7.04632008
691.83097093	0.00060645	3.67721002	41.53776437	-7.40788744	2.93860835	7.06759108
707.94578439	0.00062058	3.68866282	41.66713517	-7.38486159	2.93891067	7.08887406
724.43596008	0.00063503	3.70011679	41.79651926	-7.36183574	2.93938108	7.10974831
741.31024131	0.00064982	3.71157263	41.92592440	-7.33880989	2.93933235	7.13187885
758.57757504	0.00066496	3.72302818	42.05532633	-7.31578404	2.93977559	7.15281236
776.24711664	0.00068045	3.73448555	42.18474882	-7.29275819	2.94006357	7.17412189
794.32823473	0.00069630	3.74594402	42.31418363	-7.26973234	2.94033822	7.19546196
812.83051617	0.00071252	3.75740355	42.44363052	-7.24670649	2.94060761	7.21681301
831.76377111	0.00072911	3.76886413	42.57308925	-7.22368063	2.94087188	7.23817476
851.13803821	0.00074610	3.78032574	42.70255961	-7.20065478	2.94113110	7.25954711
870.96358997	0.00076348	3.79178837	42.83204137	-7.17762893	2.94138535	7.28092996
891.25093814	0.00078126	3.80325198	42.96153432	-7.15460308	2.94163476	7.30232299
912.01083937	0.00079946	3.81471656	43.09103824	-7.13157723	3.13766988	6.86672592
933.25430081	0.00081808	3.82698029	43.22956940	-7.10855138	2.75534527	7.84467375
954.99258603	0.00083713	3.83764856	43.35007814	-7.08552553	2.93333815	7.38920572
977.23722097	0.00085663	3.84911595	43.47961372	-7.06249968	2.94258544	7.38799512
1000.00000001	0.00087659	3.86058423	43.60915946	-7.03947383	39.58458433	
