t	p	p+skin
0.008765877	2987.789448	2967.789448
0.00897006	2987.653981	2967.653981
0.009179	2987.517077	2967.517077
0.009392806	2987.378720	2967.378720
0.009611593	2987.238899	2967.238899
0.009835476	2987.097597	2967.097597
0.010064573	2986.954802	2966.954802
0.010299007	2986.810499	2966.810499
0.010538902	2986.664674	2966.664674
0.010784384	2986.517311	2966.517311
0.011035585	2986.368397	2966.368397
0.011292637	2986.217917	2966.217917
0.011555676	2986.065857	2966.065857
0.011824842	2985.912200	2965.912200
0.012100278	2985.756933	2965.756933
0.01238213	2985.600041	2965.600041
0.012670547	2985.441507	2965.441507
0.012965682	2985.281317	2965.281317
0.013267691	2985.119455	2965.119455
0.013576736	2984.955906	2964.955906
0.013892978	2984.790655	2964.790655
0.014216587	2984.623685	2964.623685
0.014547734	2984.454981	2964.454981
0.014886595	2984.284527	2964.284527
0.015233348	2984.112307	2964.112307
0.015588178	2983.938304	2963.938304
0.015951273	2983.762503	2963.762503
0.016322826	2983.584888	2963.584888
0.016703034	2983.405442	2963.405442
0.017092097	2983.224148	2963.224148
0.017490224	2983.040989	2963.040989
0.017897623	2982.855951	2962.855951
0.018314512	2982.669014	2962.669014
0.018741112	2982.480162	2962.480162
0.019177649	2982.289380	2962.289380
0.019624354	2982.096649	2962.096649
0.020081464	2981.901951	2961.901951
0.020549221	2981.705272	2961.705272
0.021027874	2981.506591	2961.506591
0.021517676	2981.305893	2961.305893
0.022018887	2981.103159	2961.103159
0.022531773	2980.898373	2960.898373
0.023056605	2980.691515	2960.691515
0.023593662	2980.482569	2960.482569
0.024143229	2980.271517	2960.271517
0.024705597	2980.058340	2960.058340
0.025281065	2979.843020	2959.843020
0.025869936	2979.625540	2959.625540
0.026472525	2979.405881	2959.405881
0.027089149	2979.184025	2959.184025
0.027720136	2978.959952	2958.959952
0.028365821	2978.733646	2958.733646
0.029026546	2978.505087	2958.505087
0.029702661	2978.274256	2958.274256
0.030394525	2978.041135	2958.041135
0.031102504	2977.805705	2957.805705
0.031826975	2977.567948	2957.567948
0.03256832	2977.327843	2957.327843
0.033326934	2977.085372	2957.085372
0.034103218	2976.840517	2956.840517
0.034897584	2976.593257	2956.593257
0.035710453	2976.343574	2956.343574
0.036542256	2976.091448	2956.091448
0.037393435	2975.836860	2955.836860
0.03826444	2975.579791	2955.579791
0.039155733	2975.320220	2955.320220
0.040067787	2975.058129	2955.058129
0.041001086	2974.793498	2954.793498
0.041956124	2974.526307	2954.526307
0.042933408	2974.256536	2954.256536
0.043933455	2973.984166	2953.984166
0.044956797	2973.709177	2953.709177
0.046003975	2973.431548	2953.431548
0.047075546	2973.151261	2953.151261
0.048172076	2972.868295	2952.868295
0.049294148	2972.582630	2952.582630
0.050442356	2972.294246	2952.294246
0.051617309	2972.003123	2952.003123
0.052819631	2971.709241	2951.709241
0.054049958	2971.412580	2951.412580
0.055308943	2971.113119	2951.113119
0.056597254	2970.810839	2950.810839
0.057915574	2970.505719	2950.505719
0.059264601	2970.197738	2950.197738
0.06064505	2969.886878	2949.886878
0.062057655	2969.573117	2949.573117
0.063503164	2969.256435	2949.256435
0.064982342	2968.936812	2948.936812
0.066495975	2968.614228	2948.614228
0.068044866	2968.288662	2948.288662
0.069629834	2967.960094	2947.960094
0.071251721	2967.628503	2947.628503
0.072911387	2967.293870	2947.293870
0.074609712	2966.956173	2946.956173
0.076347595	2966.615394	2946.615394
0.078125959	2966.271511	2946.271511
0.079945746	2965.924504	2945.924504
0.081807922	2965.574353	2945.574353
0.083713473	2965.221038	2945.221038
0.085663411	2964.864538	2944.864538
0.087658768	2964.504834	2944.504834
0.089700603	2964.141906	2944.141906
0.091789998	2963.775732	2943.775732
0.093928062	2963.406294	2943.406294
0.096115928	2963.033570	2943.033570
0.098354755	2962.657542	2942.657542
0.100645732	2962.278190	2942.278190
0.102990072	2961.895493	2941.895493
0.105389019	2961.509431	2941.509431
0.107843844	2961.119986	2941.119986
0.11035585	2960.727137	2940.727137
0.112926368	2960.330864	2940.330864
0.115556761	2959.931149	2939.931149
0.118248424	2959.527971	2939.527971
0.121002784	2959.121312	2939.121312
0.123821301	2958.711153	2938.711153
0.126705469	2958.297473	2938.297473
0.129656819	2957.880254	2937.880254
0.132676914	2957.459477	2937.459477
0.135767356	2957.035123	2937.035123
0.138929784	2956.607173	2936.607173
0.142165875	2956.175609	2936.175609
0.145477343	2955.740412	2935.740412
0.148865946	2955.301564	2935.301564
0.152333479	2954.859046	2934.859046
0.155881782	2954.412841	2934.412841
0.159512735	2953.962929	2933.962929
0.163228264	2953.509294	2933.509294
0.167030339	2953.051917	2933.051917
0.170920975	2952.590781	2932.590781
0.174902236	2952.125868	2932.125868
0.178976232	2951.657162	2931.657162
0.183145124	2951.184644	2931.184644
0.187411122	2950.708298	2930.708298
0.191776488	2950.228108	2930.228108
0.196243536	2949.744056	2929.744056
0.200814636	2949.256126	2929.256126
0.205492209	2948.764302	2928.764302
0.210278738	2948.268567	2928.268567
0.215176759	2947.768906	2927.768906
0.220188869	2947.265304	2927.265304
0.225317727	2946.757743	2926.757743
0.230566051	2946.246210	2926.246210
0.235936624	2945.730689	2925.730689
0.241432294	2945.211165	2925.211165
0.247055975	2944.687624	2924.687624
0.252810648	2944.160050	2924.160050
0.258699364	2943.628431	2923.628431
0.264725247	2943.092751	2923.092751
0.27089149	2942.552998	2922.552998
0.277201363	2942.009157	2922.009157
0.283658212	2941.461216	2921.461216
0.290265461	2940.909161	2920.909161
0.297026612	2940.352979	2920.352979
0.303945251	2939.792658	2919.792658
0.311025045	2939.228187	2919.228187
0.318269749	2938.659552	2918.659552
0.325683204	2938.086742	2918.086742
0.33326934	2937.509746	2917.509746
0.34103218	2936.928552	2916.928552
0.34897584	2936.343150	2916.343150
0.357104532	2935.753530	2915.753530
0.365422565	2935.159680	2915.159680
0.37393435	2934.561590	2914.561590
0.3826444	2933.959252	2913.959252
0.391557333	2933.352656	2913.352656
0.400677875	2932.741792	2912.741792
0.410010861	2932.126652	2912.126652
0.419561241	2931.507227	2911.507227
0.429334078	2930.883510	2910.883510
0.439334553	2930.255492	2910.255492
0.44956797	2929.623166	2909.623166
0.460039753	2928.986524	2908.986524
0.470755455	2928.345561	2908.345561
0.481720758	2927.700269	2907.700269
0.492941476	2927.050642	2907.050642
0.504423558	2926.396674	2906.396674
0.516173092	2925.738361	2905.738361
0.528196308	2925.075696	2905.075696
0.540499581	2924.408675	2904.408675
0.553089433	2923.737294	2903.737294
0.565972541	2923.061549	2903.061549
0.579155735	2922.381435	2902.381435
0.592646005	2921.696950	2901.696950
0.606450504	2921.008090	2901.008090
0.620576551	2920.314853	2900.314853
0.635031636	2919.617237	2899.617237
0.649823423	2918.915239	2898.915239
0.664959755	2918.208858	2898.208858
0.680448657	2917.498094	2897.498094
0.696298343	2916.782945	2896.782945
0.712517215	2916.063411	2896.063411
0.729113873	2915.339492	2895.339492
0.746097116	2914.611188	2894.611188
0.763475951	2913.878500	2893.878500
0.78125959	2913.141429	2893.141429
0.799457464	2912.399977	2892.399977
0.81807922	2911.654146	2891.654146
0.837134733	2910.903938	2890.903938
0.856634106	2910.149355	2890.149355
0.876587678	2909.390401	2889.390401
0.897006028	2908.627079	2888.627079
0.917899982	2907.859393	2887.859393
0.939280619	2907.087348	2887.087348
0.961159276	2906.310947	2886.310947
0.983547551	2905.530196	2885.530196
1.006457317	2904.745101	2884.745101
1.029900719	2903.955666	2883.955666
1.053890189	2903.161899	2883.161899
1.078438445	2902.363806	2882.363806
1.103558503	2901.561393	2881.561393
1.129263683	2900.754668	2880.754668
1.155567613	2899.943640	2879.943640
1.182484241	2899.128315	2879.128315
1.210027837	2898.308703	2878.308703
1.238213006	2897.484812	2877.484812
1.267054692	2896.656652	2876.656652
1.296568187	2895.824231	2875.824231
1.32676914	2894.987562	2874.987562
1.357673563	2894.146652	2874.146652
1.389297843	2893.301514	2873.301514
1.421658747	2892.452159	2872.452159
1.454773433	2891.598597	2871.598597
1.48865946	2890.740842	2870.740842
1.523334793	2889.878904	2869.878904
1.558817818	2889.012797	2869.012797
1.59512735	2888.142534	2868.142534
1.632282639	2887.268127	2867.268127
1.670303386	2886.389591	2866.389591
1.70920975	2885.506940	2865.506940
1.749022359	2884.620187	2864.620187
1.789762323	2883.729348	2863.729348
1.831451243	2882.834438	2862.834438
1.874111223	2881.935471	2861.935471
1.917764881	2881.032465	2861.032465
1.962435364	2880.125434	2860.125434
2.008146356	2879.214395	2859.214395
2.054922093	2878.299364	2858.299364
2.102787378	2877.380359	2857.380359
2.151767588	2876.457398	2856.457398
2.201888694	2875.530496	2855.530496
2.25317727	2874.599674	2854.599674
2.305660511	2873.664948	2853.664948
2.359366243	2872.726337	2852.726337
2.414322943	2871.783860	2851.783860
2.470559749	2870.837536	2850.837536
2.528106478	2869.887384	2849.887384
2.586993642	2868.933424	2848.933424
2.647252465	2867.975676	2847.975676
2.708914897	2867.014160	2847.014160
2.77201363	2866.048896	2846.048896
2.836582123	2865.079906	2845.079906
2.902654608	2864.107209	2844.107209
2.970266119	2863.130827	2843.130827
3.039452505	2862.150782	2842.150782
3.110250449	2861.167095	2841.167095
3.182697489	2860.179788	2840.179788
3.256832037	2859.188883	2839.188883
3.3326934	2858.194402	2838.194402
3.410321802	2857.196367	2837.196367
3.489758401	2856.194802	2836.194802
3.571045317	2855.189730	2835.189730
3.654225648	2854.181172	2834.181172
3.739343498	2853.169153	2833.169153
3.826443997	2852.153696	2832.153696
3.915573327	2851.134825	2831.134825
4.006778747	2850.112563	2830.112563
4.100108613	2849.086934	2829.086934
4.195612411	2848.057963	2828.057963
4.293340779	2847.025673	2827.025673
4.393345532	2845.990088	2825.990088
4.495679696	2844.951235	2824.951235
4.600397528	2843.909136	2823.909136
4.707554552	2842.863817	2822.863817
4.817207584	2841.815302	2821.815302
4.929414763	2840.763617	2820.763617
5.044235583	2839.708787	2819.708787
5.161730924	2838.650837	2818.650837
5.281963083	2837.589791	2817.589791
5.404995808	2836.525676	2816.525676
5.530894333	2835.458517	2815.458517
5.659725412	2834.388339	2814.388339
5.791557353	2833.315168	2813.315168
5.926460054	2832.239029	2812.239029
6.064505042	2831.159949	2811.159949
6.205765511	2830.077952	2810.077952
6.350316359	2828.993066	2808.993066
6.498234229	2827.905314	2807.905314
6.649597549	2826.814725	2806.814725
6.804486573	2825.721322	2805.721322
6.962983426	2824.625132	2804.625132
7.125172146	2823.526182	2803.526182
7.291138725	2822.424496	2802.424496
7.460971163	2821.320101	2801.320101
7.634759507	2820.213023	2800.213023
7.812595901	2819.103287	2799.103287
7.994574637	2817.990920	2797.990920
8.180792203	2816.875947	2796.875947
8.371347332	2815.758395	2795.758395
8.566341061	2814.638288	2794.638288
8.765876777	2813.515653	2793.515653
8.970060277	2812.390516	2792.390516
9.178999822	2811.262902	2791.262902
9.392806194	2810.132837	2790.132837
9.611592756	2809.000346	2789.000346
9.835475512	2807.865456	2787.865456
10.06457317	2806.728190	2786.728190
10.29900719	2805.588576	2785.588576
10.53890189	2804.446638	2784.446638
10.78438445	2803.302401	2783.302401
11.03558503	2802.155647	2782.155647
11.29263683	2801.007133	2781.007133
11.55567613	2799.856151	2779.856151
11.82484241	2798.702971	2778.702971
12.10027837	2797.547617	2777.547617
12.38213006	2796.390114	2776.390114
12.67054692	2795.230487	2775.230487
12.96568187	2794.068761	2774.068761
13.2676914	2792.904958	2772.904958
13.57673563	2791.739104	2771.739104
13.89297843	2790.571224	2770.571224
14.21658747	2789.401340	2769.401340
14.54773433	2788.229477	2768.229477
14.8865946	2787.055658	2767.055658
15.23334793	2785.879908	2765.879908
15.58817818	2784.702249	2764.702249
15.9512735	2783.522705	2763.522705
16.32282639	2782.341300	2762.341300
16.70303386	2781.158055	2761.158055
17.0920975	2779.972995	2759.972995
17.49022359	2778.786142	2758.786142
17.89762323	2777.597518	2757.597518
18.31451243	2776.407147	2756.407147
18.74111223	2775.215049	2755.215049
19.17764881	2774.021248	2754.021248
19.62435364	2772.825765	2752.825765
20.08146356	2771.628623	2751.628623
20.54922093	2770.429843	2750.429843
21.02787378	2769.229446	2749.229446
21.51767588	2768.027453	2748.027453
22.01888694	2766.823887	2746.823887
22.5317727	2765.618767	2745.618767
23.05660511	2764.412115	2744.412115
23.59366243	2763.203951	2743.203951
24.14322943	2761.994296	2741.994296
24.70559749	2760.783170	2740.783170
25.28106478	2759.570593	2739.570593
25.86993643	2758.356585	2738.356585
26.47252465	2757.141166	2737.141166
27.08914897	2755.924356	2735.924356
27.7201363	2754.706173	2734.706173
28.36582123	2753.486637	2733.486637
29.02654608	2752.265768	2732.265768
29.70266119	2751.043583	2731.043583
30.39452505	2749.820101	2729.820101
31.10250449	2748.595342	2728.595342
31.82697489	2747.369323	2727.369323
32.56832037	2746.142062	2726.142062
33.326934	2744.913578	2724.913578
34.10321802	2743.683888	2723.683888
34.89758401	2742.453010	2722.453010
35.71045317	2741.220960	2721.220960
36.54225648	2739.987757	2719.987757
37.39343498	2738.753417	2718.753417
38.26443997	2737.517957	2717.517957
39.15573327	2736.281394	2716.281394
40.06778747	2735.043743	2715.043743
41.00108613	2733.805023	2713.805023
41.95612411	2732.565027	2712.565027
42.93340779	2731.324161	2711.324161
43.93345532	2730.082267	2710.082267
44.95679696	2728.839360	2708.839360
46.00397528	2727.595457	2707.595457
47.07554552	2726.350574	2706.350574
48.17207584	2725.104724	2705.104724
49.29414763	2723.858607	2703.858607
50.44235583	2722.610953	2702.610953
51.61730924	2721.362381	2701.362381
52.81963083	2720.112905	2700.112905
54.04995808	2718.862540	2698.862540
55.30894333	2717.611299	2697.611299
56.59725412	2716.359197	2696.359197
57.91557353	2715.106246	2695.106246
59.26460054	2713.852460	2693.852460
60.64505042	2712.597853	2692.597853
62.05765511	2711.342437	2691.342437
63.50316359	2710.086226	2690.086226
64.98234229	2708.829232	2688.829232
66.49597549	2707.571468	2687.571468
68.04486573	2706.312945	2686.312945
69.62983426	2705.053677	2685.053677
71.25172146	2703.793676	2683.793676
72.91138725	2702.532952	2682.532952
74.60971163	2701.271519	2681.271519
76.34759507	2700.009388	2680.009388
78.12595901	2698.746569	2678.746569
79.94574637	2697.483075	2677.483075
81.80792203	2696.218917	2676.218917
83.71347332	2694.954105	2674.954105
85.66341061	2693.688650	2673.688650
87.65876777	2692.422563	2672.422563
89.70060277	2691.155854	2671.155854
91.78999822	2689.888535	2669.888535
93.92806194	2688.620614	2668.620614
96.11592756	2687.352105	2667.352105
98.35475512	2686.083012	2666.083012
100.6457317	2684.813348	2664.813348
102.9900719	2683.543120	2663.543120
105.3890189	2682.272343	2662.272343
107.8438445	2681.001022	2661.001022
110.3558503	2679.729168	2659.729168
112.9263683	2678.456790	2658.456790
115.5567613	2677.183896	2657.183896
118.2484241	2675.910496	2655.910496
121.0027837	2674.636597	2654.636597
123.8213006	2673.362208	2653.362208
126.7054692	2672.087338	2652.087338
129.6568187	2670.811995	2650.811995
132.676914	2669.536188	2649.536188
135.7673563	2668.259924	2648.259924
138.9297843	2666.983216	2646.983216
142.1658747	2665.706063	2645.706063
145.4773433	2664.428477	2644.428477
148.865946	2663.150466	2643.150466
152.3334793	2661.872036	2641.872036
155.8817818	2660.593196	2640.593196
159.512735	2659.313951	2639.313951
163.2282639	2658.034310	2638.034310
167.0303386	2656.754280	2636.754280
170.920975	2655.473867	2635.473867
174.9022359	2654.193078	2634.193078
178.9762323	2652.911919	2632.911919
183.1451243	2651.620907	2631.620907
187.4111223	2650.348520	2630.348520
191.7764881	2649.066293	2629.066293
196.2435364	2647.783722	2627.783722
200.8146356	2646.500813	2626.500813
205.4922093	2645.217572	2625.217572
210.2787378	2643.934006	2623.934006
215.1767588	2642.650120	2622.650120
220.1888694	2641.365920	2621.365920
225.317727	2640.081411	2620.081411
230.5660511	2638.796599	2618.796599
235.9366243	2637.511491	2617.511491
241.4322943	2636.226090	2616.226090
247.0559749	2634.940402	2614.940402
252.8106478	2633.654433	2613.654433
258.6993643	2632.368187	2612.368187
264.7252465	2631.081670	2611.081670
270.8914897	2629.794886	2609.794886
277.201363	2628.507840	2608.507840
283.6582123	2627.220538	2607.220538
290.2654608	2625.932984	2605.932984
297.0266119	2624.645182	2604.645182
303.9452505	2623.357137	2603.357137
311.0250449	2622.068853	2602.068853
318.2697489	2620.780335	2600.780335
325.6832037	2619.491587	2599.491587
333.26934	2618.202614	2598.202614
341.0321802	2616.913419	2596.913419
348.9758401	2615.624007	2595.624007
357.1045317	2614.334381	2594.334381
365.4225648	2613.044546	2593.044546
373.9343498	2611.754505	2591.754505
382.6443997	2610.464262	2590.464262
391.5573327	2609.173822	2589.173822
400.6778747	2607.883187	2587.883187
410.0108613	2606.592361	2586.592361
419.5612411	2605.301348	2585.301348
429.3340779	2604.010152	2584.010152
439.3345532	2602.718775	2582.718775
449.5679696	2601.427222	2581.427222
460.0397528	2600.135494	2580.135494
470.7554552	2598.843597	2578.843597
481.7207584	2597.551532	2577.551532
492.9414763	2596.259303	2576.259303
504.4235583	2594.966914	2574.966914
516.1730924	2593.674366	2573.674366
528.1963083	2592.381664	2572.381664
540.4995808	2591.088810	2571.088810
553.0894333	2589.795806	2569.795806
565.9725412	2588.502656	2568.502656
579.1557353	2587.209363	2567.209363
592.6460054	2585.915929	2565.915929
606.4505042	2584.622356	2564.622356
620.5765511	2583.328648	2563.328648
635.0316359	2582.034807	2562.034807
649.8234229	2580.740756	2560.740756
664.9597549	2579.446737	2559.446737
680.4486573	2578.152512	2558.152512
696.2983426	2576.858164	2556.858164
712.5172146	2575.563695	2555.563695
729.1138725	2574.269107	2554.269107
746.0971163	2572.974404	2552.974404
763.4759507	2571.679586	2551.679586
781.2595901	2570.384657	2550.384657
799.4574637	2569.089618	2549.089618
818.0792203	2567.704306	2547.704306
837.1347332	2566.499219	2546.499219
856.6341061	2565.203863	2545.203863
876.5876777	2563.908405	2543.908405